image,ALB,BET,DOL,LAG,NoF,OTHER,SHARK,YFT
img_00005.jpg,0.000144,0,3.6e-05,1.1e-05,0.998871,2.7e-05,0.000911,0
img_00007.jpg,0.0040845,0.013254,0.014582,0.005335,0.0006205,0.0007645,0.0026795,0.9586795
img_00009.jpg,0.756112666666667,0.154758333333333,0.0292426666666667,0.0100326666666667,0.00170833333333333,0.041556,0.001154,0.00543466666666667
img_00018.jpg,0.504946333333333,0.0832196666666667,0.0263996666666667,0.008097,0.00253566666666667,0.363604333333333,0.00152766666666667,0.009669
img_00027.jpg,0.5196565,0.167542,0.00119,0.001768,0.0031765,0.2659775,0.001519,0.0391695
img_00030.jpg,0.1697235,0.013244,0.020448,0.0070105,0.231056,0.3647775,0.175241,0.0184995
img_00040.jpg,0.142022,0.0221475,0.00887,0.003867,0.0053275,0.231671,0.5168265,0.069268
img_00046.jpg,0.749364,0.0002585,0.00312,0.0002445,0.15727,0.07969,0.0016685,0.0083845
img_00053.jpg,0.732737,0.0284555,0.059173,0.0124865,0.0175985,0.114227,0.011606,0.023718
img_00071.jpg,0.154484333333333,0.00468566666666667,0.00372133333333333,0.559391,0.0113046666666667,0.238539333333333,0.00209633333333333,0.0257783333333333
img_00075.jpg,0.6897345,0.0492895,0.0002535,0.000516,0.00413,0.255201,0.000589,0.000287
img_00102.jpg,0.1272925,0.0575545,0.010032,0.002825,0.002923,0.176003,0.0024955,0.6208745
img_00103.jpg,0.975407,0.0121733333333333,0.000362666666666667,0.000474,0.000450333333333333,0.009045,0.000159666666666667,0.00192766666666667
img_00109.jpg,0.997255,2.1e-05,0.0001905,4.3e-05,0.001298,0.0009435,0.0001215,0.0001265
img_00119.jpg,0.005031,0.00018,0.0044975,0.001569,0.2221385,0.4982935,0.0035835,0.264707
img_00120.jpg,0.5517115,0.026102,0.0004675,0.000899,9.3e-05,0.0014875,0.125951,0.2932885
img_00125.jpg,0.705320666666667,0.00307033333333333,0.00405933333333333,0.00451233333333333,0.000929333333333333,0.0225996666666667,0.009857,0.249651666666667
img_00128.jpg,0.0042265,0.077035,0.605051,0.0015345,0.0044475,0.0140625,0.000423,0.2932195
img_00129.jpg,0.0943105,0.0194995,0.0074475,0.0043015,0.0057395,0.185104,0.6029155,0.080682
img_00133.jpg,0.4849145,0.0026805,0.009819,0.005058,0.4558825,0.038787,0.002384,0.000473
img_00138.jpg,0.8680615,0.0330625,0.0081765,0.0022805,0.006468,0.005783,0.0025035,0.0736645
img_00141.jpg,7.5e-06,1.65e-05,0.000898,1.9e-05,3.95e-05,1e-06,0.0009665,0.9980525
img_00152.jpg,0.000102,0.0019595,0.0200655,0.0014005,0.000353,0.00721,0.088932,0.8799785
img_00161.jpg,0.0002125,0.000114,0.00205,1.7e-05,3e-05,0.000226,0.0004085,0.9969425
img_00164.jpg,0.446234,0.000498,0.0165685,0.002215,0.4007265,0.0002485,7.6e-05,0.1334335
img_00170.jpg,0.637726,0.002522,0.023498,0.1848165,0.0017595,0.017574,0.0004105,0.131693
img_00171.jpg,0.781929666666667,0.00394833333333333,0.008867,0.027767,0.00360733333333333,0.154897666666667,0.00489833333333333,0.0140843333333333
img_00172.jpg,0.00032,3e-06,0.000269,5.5e-05,0.998539,9.9e-05,0.000692,2.2e-05
img_00175.jpg,0.834003,0.008233,0.0048275,0.0141145,0.0036025,0.130204,0.0017525,0.003262
img_00180.jpg,0.0142535,0.000148,0.0007035,0.000215,0.04824,7.4e-05,0.000276,0.9360885
img_00196.jpg,0.125548,0.000606,0.004027,0.002057,0.483308,0.022872,0.00827,0.353313
img_00212.jpg,0.1576785,0.0548225,0.005451,0.11217,0.0008215,0.0014715,0.0008205,0.666765
img_00223.jpg,0.948545,0.0094175,0.010201,0.001393,0.000766,0.0170095,0.000459,0.01221
img_00230.jpg,0.732220666666667,0.249909,0.004058,0.001631,0.000552333333333333,0.00968566666666667,0.000755666666666667,0.001188
img_00232.jpg,0.0017345,0.034501,0.0119835,0.0037535,0.0069165,0.0017995,0.9330405,0.006271
img_00244.jpg,0.4994145,0.2279255,0.0007275,0.0022415,0.001849,0.105147,0.003373,0.1593215
img_00272.jpg,0.8416825,0.0130405,0.1161475,0.0219185,0.000836,0.0042455,0.0010485,0.0010805
img_00280.jpg,0.71270525,0.007453,0.03642425,0.00169475,0.207366,0.02225525,0.00134275,0.010759
img_00282.jpg,0.7014845,0.003635,0.0063555,0.043024,0.0049465,0.2365035,0.001933,0.0021185
img_00285.jpg,0.7299095,0.1001475,0.002471,0.0025485,0.001095,0.0620585,0.0848415,0.0169295
img_00289.jpg,0.846652,0.051355,0.010161,0.000588666666666667,0.0769453333333333,0.00288966666666667,7.26666666666667e-05,0.0113353333333333
img_00292.jpg,0.6307455,0.1379415,0.000566,0.001979,0.004808,0.1253605,0.0046625,0.0939375
img_00302.jpg,0.081405,0.0153345,0.0092425,0.0041285,0.002649,0.155066,0.610179,0.121995
img_00311.jpg,0.9994465,2.7e-05,8.15e-05,2.5e-05,8.05e-05,4.55e-05,4.5e-06,0.0002895
img_00320.jpg,0.997036,0.0003065,0.00045,5.9e-05,0.0002375,0.000787,0.000461,0.0006625
img_00331.jpg,0.472148,0.11331,0.00471566666666667,0.016555,0.018633,0.141246666666667,0.150861666666667,0.0825293333333333
img_00358.jpg,0.0744355,0.485483,0.003491,0.009127,0.0020765,0.2637095,0.034001,0.127675
img_00374.jpg,0.569063666666667,0.0699876666666667,0.009215,0.000833,0.000293666666666667,0.00429133333333333,0.000407666666666667,0.345908
img_00375.jpg,0.310567,0.036108,0.1616785,0.0316465,0.053451,0.400424,0.002601,0.003524
img_00376.jpg,0.9356925,0.006427,0.0048005,0.0027435,0.0070625,0.0071045,0.0312255,0.0049435
img_00380.jpg,0.9921985,0.000512,0.0056385,0.000295,0.000495,0.0006245,0.000171,6.55e-05
img_00383.jpg,0.9937015,0.0005515,0.0014325,0.0005215,0.0028565,0.000234,2.8e-05,0.000674
img_00398.jpg,0.784404,0.008898,0.002143,0.00209,0.096471,0.016635,0.0726565,0.0167035
img_00407.jpg,0.885560333333333,0.0167023333333333,0.00928,0.040226,0.00132066666666667,0.0448293333333333,0.00122866666666667,0.000853
img_00417.jpg,0.05163,0.007034,0.0010115,0.0257995,0.0003275,0.0001835,0.000381,0.9136325
img_00432.jpg,0.855458,0.0023535,0.0197205,0.0042985,0.016492,0.0926185,0.0019725,0.0070865
img_00442.jpg,2.5e-06,8.05e-05,0.0001155,6e-06,2.5e-06,1.25e-05,1.45e-05,0.999766
img_00446.jpg,0.9100595,0.010415,0.000627,0.0037945,0.0383205,0.013534,0.0180325,0.005217
img_00469.jpg,0.60578,0.0108125,0.0044645,0.067845,0.0055295,0.0106255,0.0125825,0.282361
img_00473.jpg,0.812415,0.002737,0.0015125,0.000236,0.0086045,0.0026255,0.0001675,0.1717025
img_00483.jpg,0.8447585,0.070733,0.0002805,0.000486,0.000284,0.0066875,0.000642,0.0761295
img_00484.jpg,0.139493,0.0451615,0.0024085,0.0025185,0.009819,0.0033965,0.0195265,0.777676
img_00486.jpg,0.648662,0.0742855,0.186118,0.070723,0.0004725,0.011484,0.0079895,0.000266
img_00487.jpg,0.063905,0.010131,0.090214,0.017041,0.6446525,0.1307775,0.0012905,0.041988
img_00493.jpg,0.156679,0.008091,0.182309,0.032841,0.2710755,0.251745,0.0756215,0.0216375
img_00518.jpg,0.951427,0.0001815,0.038723,0.0001605,0.0014365,0.0005515,0.00049,0.00703
img_00533.jpg,0.1085575,0.191808,0.027829,0.0107205,0.000627,0.125969,0.280338,0.2541505
img_00538.jpg,0.853078,0.0217396666666667,0.00125166666666667,0.00460233333333333,0.000738666666666667,0.020803,0.00971866666666667,0.0880686666666667
img_00543.jpg,0.9997385,1.95e-05,1.6e-05,2.4e-05,0.000101,6e-06,5e-07,9.4e-05
img_00550.jpg,0.513904,0.01318,0.0978195,0.006408,0.0183845,0.331939,0.0038535,0.014512
img_00551.jpg,0.7955245,0.000806,0.00233,0.002513,0.003154,0.021223,0.000884,0.173566
img_00564.jpg,0.1081785,0.148725,0.0376615,0.0034055,0.5083545,0.146462,0.0015885,0.0456255
img_00575.jpg,0.731038,0.005295,0.0008935,0.00368,0.004133,0.0295015,0.1337475,0.091712
img_00582.jpg,0.597104,0.0130443333333333,0.0653993333333333,0.00607666666666667,0.0105946666666667,0.247384666666667,0.042145,0.0182506666666667
img_00584.jpg,0.476874,0.0014385,0.0814125,0.001637,0.351051,0.0739025,0.001385,0.0122995
img_00587.jpg,0.393241,0.2181825,0.001404,0.013385,0.001101,0.067608,0.0004705,0.3046075
img_00590.jpg,0.062233,0.0212645,0.000933,0.0009075,0.0007455,0.000619,0.0011885,0.912109
img_00591.jpg,0.043322,0.007638,0.002388,6e-04,0.002243,0.05868,0.011859,0.8732695
img_00598.jpg,0.803583,0.0252073333333333,0.00825966666666667,0.0382293333333333,0.00102,0.0696206666666667,0.021204,0.0328756666666667
img_00599.jpg,0.9147805,0.0166955,0.002625,0.005806,0.001403,0.005716,0.037236,0.015737
img_00612.jpg,0.9047245,0.040217,0.000221,0.006148,0.0002135,0.0185755,0.0089825,0.020918
img_00618.jpg,0.959899,0.002703,0.00263,0.0056615,0.0165675,0.002065,4.6e-05,0.0104285
img_00620.jpg,0.9602085,0.009606,0.0094115,0.00502,0.004546,0.0083435,0.002062,0.0008025
img_00642.jpg,0.5068125,0.0030755,0.013763,0.4681755,0.005813,0.0009385,0.0005305,0.000892
img_00646.jpg,0.011521,0.0281005,0.0774825,0.004057,0.0039815,0.003909,0.015961,0.854988
img_00648.jpg,0.9985885,8.6e-05,7.3e-05,8.4e-05,9.15e-05,4.5e-05,4.5e-06,0.001028
img_00650.jpg,0.454531,0.0040705,0.002667,0.003698,0.005561,0.3569935,0.0706575,0.1018225
img_00654.jpg,0.6763815,0.0180745,0.0806035,0.0063825,0.1182605,0.0972515,0.002608,0.0004385
img_00664.jpg,0.9528295,0.002314,0.00485,0.0008985,0.0070335,0.0289795,0.000709,0.0023855
img_00667.jpg,0.038396,0.001297,0.006107,0.00632,0.366883,0.088354,0.020866,0.471777
img_00676.jpg,0.053501,0.000471,0.001677,0.000623,0.382424,0.063189,0.002017,0.496098
img_00697.jpg,0.0005055,0.0001465,0.024957,0.000527,0.00065,0.001461,0.000794,0.9709585
img_00708.jpg,0.581842,0.032279,0.004253,0.004134,0.0051465,0.2111425,0.0866635,0.074539
img_00716.jpg,0.2304005,0.235732,0.0217065,0.0313875,0.0336975,0.254034,0.1057215,0.0873205
img_00717.jpg,0.6468765,0.093649,0.0031585,0.002072,0.0008525,0.2344445,0.0081225,0.0108245
img_00718.jpg,0.954611,0.0013595,0.0005975,0.0006155,0.001672,0.0194515,0.000612,0.021081
img_00723.jpg,0.649134,0.015838,0.000641,0.00187,0.305396,0.014274,0.001499,0.011347
img_00724.jpg,0.1168645,0.0008425,0.04156,0.0025505,0.0124475,0.0041125,0.282097,0.539525
img_00726.jpg,0.988987,0.000414,0.000106,8.9e-05,0.0050125,0.0016745,0.0032735,0.000443
img_00729.jpg,0.975384,0.000125,0.000962,0.000204,0.021454,0.001038,0.000801,3.2e-05
img_00730.jpg,0.0541105,0.050296,0.0008305,0.001382,0.0001895,0.0050475,0.0029045,0.8852385
img_00757.jpg,0.830562,0.018873,0.0377535,0.0717395,0.003121,0.015461,0.0057795,0.0167105
img_00760.jpg,0.303519,0.003549,0.038735,0.621333,0.0163526666666667,0.005712,0.00249066666666667,0.00830866666666667
img_00763.jpg,0.4947275,0.001769,0.000485,0.000199,0.417314,0.0007305,8.35e-05,0.0846915
img_00764.jpg,0.000228,0.000849,0.003722,0.0002045,0.007184,0.000138,4.75e-05,0.9876265
img_00765.jpg,0.0541075,0.0379645,0.001473,0.0090755,0.0019015,0.876495,0.0031615,0.0158215
img_00772.jpg,0.028722,0.007537,0.427291,0.00175,0.000967,0.000382,0.001003,0.532349
img_00773.jpg,0.866801,0.041443,0.062235,0.004077,0.0009575,0.023805,0.00051,0.000171
img_00777.jpg,0.2672275,0.0173195,0.0007255,0.000945,0.0042395,0.706848,0.0026905,5e-06
img_00780.jpg,0.012313,0.0091905,0.062874,0.0020895,0.0043075,0.1028695,0.009333,0.7970235
img_00798.jpg,0.885516,0.017713,0.0015935,0.002015,0.000556,0.0267585,0.005044,0.060804
img_00808.jpg,0.945401333333333,0.0185513333333333,0.00631233333333333,0.00610866666666667,0.000198333333333333,0.0208043333333333,0.00225433333333333,0.00037
img_00816.jpg,0.984999,0.011085,0.0011555,5.45e-05,0.000907,0.000225,2.1e-05,0.0015535
img_00828.jpg,0.0959165,0.051746,0.0085855,0.00098,0.5003465,0.008906,9.5e-05,0.3334245
img_00833.jpg,0.543449,0.088793,0.0022015,0.011479,0.0082585,0.1489875,0.09748,0.09935
img_00837.jpg,0.9203015,0.047634,0.0007105,0.00352,0.008975,0.0178185,0.00027,0.000771
img_00855.jpg,0.6144925,0.0036805,0.002778,0.0109215,0.003018,0.0025235,0.000932,0.361654
img_00857.jpg,0.973773,0.0174225,0.001296,0.0002055,0.0006195,0.00512,0.0008255,0.000738
img_00858.jpg,0.9602285,0.0009715,0.0041475,0.0002295,0.0017745,0.0213275,0.006533,0.0047885
img_00865.jpg,0.972916333333333,0.0145023333333333,0.000489333333333333,0.001668,0.000189333333333333,0.00419533333333333,0.000392333333333333,0.00564633333333333
img_00876.jpg,0.005447,0.00045,0.001497,0.000905,0.561068,0.05746,0.002959,0.370214
img_00889.jpg,0.050291,0.0074175,0.3791125,0.0064045,0.03959,0.005873,0.004697,0.506614
img_00894.jpg,0.878429,0.00566075,0.0246835,0.02680975,0.03761675,0.00599625,0.0056575,0.01514625
img_00902.jpg,0.0006485,0.0118535,0.004278,0.001005,0.0036115,0.0018675,0.9724525,0.0042825
img_00914.jpg,1e-04,0.0004535,0.010523,0.0003665,0.00106,0.012099,0.0001685,0.9752295
img_00921.jpg,0.804224,0.0012585,0.000614,0.001872,0.0468335,0.106526,0.0162765,0.0223955
img_00927.jpg,0.0754845,0.009058,0.0007515,0.00116,0.001092,0.0046925,0.00527,0.9024915
img_00943.jpg,0.7618545,0.048147,0.000237,0.000374,0.0049335,0.005879,0.000983,0.177592
img_00948.jpg,0.8494335,0.00052,0.013887,0.0094605,0.080025,0.021091,0.0101595,0.015423
img_00950.jpg,0.5125795,0.000907,0.0009865,0.0003935,0.4709375,0.0063545,0.0003325,0.0075085
img_00959.jpg,0.9639755,0.000109,0.000126,9.8e-05,0.0210935,0.0129475,0.0012235,0.0004265
img_00962.jpg,0.0023365,0.0059955,0.177296,0.001041,0.0008535,0.0012915,0.0001645,0.8110215
img_00964.jpg,0.0003985,0.0166745,0.901871,0.001372,0.000267,0.0728185,0.0008935,0.0057035
img_00966.jpg,0.792329,0.03982,0.000131,0.000348,0.151676,0.004577,0.003841,0.007278
img_00974.jpg,0.673822666666667,0.0413943333333333,0.0331336666666667,0.00429066666666667,0.002397,0.0326313333333333,0.00279066666666667,0.209540666666667
img_00979.jpg,0.2961095,0.001893,0.158109,0.002107,0.000325,0.002894,0.001163,0.5374
img_00982.jpg,0.6390165,0.178597,0.011789,0.0020925,0.0210415,0.132405,0.008161,0.006898
img_00985.jpg,0.579704,0.221787,0.0004315,0.00174,0.0014375,0.1250355,0.005982,0.063883
img_00999.jpg,0.9689545,0.0086245,0.0005445,0.0010725,0.000404,0.002827,0.002179,0.0153935
img_01022.jpg,0.806762,0.003538,0.0063355,0.0773995,0.038184,0.0585935,0.002898,0.006289
img_01031.jpg,0.953873333333333,0.00722833333333333,0.002162,0.000598666666666667,0.002162,0.0293583333333333,0.00323566666666667,0.001382
img_01035.jpg,0.458553,0.0131085,0.000385,0.0005205,0.001046,0.525671,0.000705,1.05e-05
img_01043.jpg,0.645354333333333,0.00896066666666667,0.00178166666666667,0.00455266666666667,0.327041,0.00824166666666667,0.00400633333333333,6.2e-05
img_01058.jpg,0.847309,0.006328,0.004594,0.000898,0.019592,0.001424,0.00557,0.114285
img_01059.jpg,0.252433,0.008807,0.0005215,0.0007455,0.000168,0.1777095,0.007462,0.552154
img_01090.jpg,0.5355965,0.00287,0.202888,0.0013865,0.232508,0.0023135,0.0079525,0.0144855
img_01102.jpg,0.482007,0.114264,0.004148,0.0131165,0.000412,0.000408,0.0067095,0.3789355
img_01103.jpg,0.8925845,0.021687,0.014008,0.0140285,0.000879,0.001715,0.0413265,0.013771
img_01116.jpg,0.9261795,0.025482,0.0042025,0.0020695,0.0002705,0.006911,0.00126,0.033624
img_01134.jpg,0.8690285,0.0024915,0.0010925,0.0015675,0.0024665,0.091303,0.0023325,0.029718
img_01142.jpg,0.5693995,0.0083565,0.005945,0.0024285,0.0032385,0.3902865,0.003314,0.017031
img_01168.jpg,0.0886175,0.134576,0.0027075,0.058409,0.0143165,0.6896695,0.010875,0.0008295
img_01171.jpg,5.6e-05,9.2e-05,0.000196,0.000264,0.903248,8.4e-05,0.000206,0.095853
img_01177.jpg,0.640489,0.00892,0.041325,0.019401,0.210768,0.069843,0.002817,0.006437
img_01179.jpg,0.839482,0.0015365,0.005136,0.014339,0.0506965,0.082401,0.001731,0.0046775
img_01188.jpg,0.0367335,0.0146635,0.001111,0.0114555,0.001162,0.8961565,0.004614,0.034104
img_01198.jpg,0.4971905,0.0957885,0.0114895,0.0031725,0.362235,0.0121115,0.001993,0.016019
img_01204.jpg,0.0258635,0.0017135,0.0143895,0.001178,0.222817,0.4667305,0.0038055,0.2635025
img_01208.jpg,0.00084,4e-06,0.000162,2.5e-05,0.997832,2.1e-05,4.9e-05,0.001066
img_01211.jpg,0.999316,0.0001375,1.25e-05,2e-05,0.000237,7.65e-05,1.45e-05,0.0001865
img_01213.jpg,0.830254333333333,0.124248666666667,0.00174466666666667,0.006676,0.006523,0.0213236666666667,0.001822,0.00740833333333333
img_01222.jpg,0.5386645,0.2590305,0.00518,0.0475585,0.00137,0.022267,0.0052015,0.120727
img_01224.jpg,0.2371,0.0070225,0.052024,0.002765,0.000543,0.063605,0.0022365,0.634705
img_01237.jpg,0.479944,0.000288,0.0005665,0.0002985,0.477763,0.003088,0.003099,0.034953
img_01249.jpg,0.411661,0.008672,0.0262905,0.0236635,0.4749285,0.043935,0.0077955,0.0030545
img_01253.jpg,1.1e-05,4.15e-05,0.000399,4.5e-06,6e-06,1.75e-05,9.5e-06,0.9995105
img_01286.jpg,0.1078085,0.0106185,0.0312425,0.013312,0.1548785,0.070826,0.023598,0.587716
img_01289.jpg,0.2434625,0.025815,0.002768,0.0011485,0.000741,0.1994225,0.0044965,0.522145
img_01325.jpg,0.078695,0.020784,0.065855,0.012247,0.692231,0.001676,0.017246,0.111266
img_01328.jpg,0.846603333333333,0.0865543333333333,0.00139533333333333,0.00724666666666667,0.00377533333333333,0.0504233333333333,0.00191833333333333,0.00208266666666667
img_01366.jpg,0.803992,0.0023195,0.006788,0.0226725,0.004202,0.1553635,0.0032285,0.0014345
img_01371.jpg,0.958166,0.0165155,0.001114,0.001158,0.0116195,0.0031955,0.0008505,0.007382
img_01373.jpg,0.477063,0.0089765,0.0826725,0.0106905,0.1891085,0.2256045,0.0029435,0.002941
img_01377.jpg,0.3849815,0.035534,0.0548485,0.0070965,0.382065,0.126934,0.001193,0.007347
img_01379.jpg,0.9003115,0.031221,0.0074805,0.0077405,0.003223,0.0426275,0.003704,0.003692
img_01384.jpg,0.6100505,0.006112,0.037463,0.004765,0.045965,0.277936,0.003335,0.0143735
img_01388.jpg,0.845632,0.028657,0.0005005,0.000191,0.0010405,0.105438,0.001621,0.016919
img_01392.jpg,0.0015095,0.204541,0.603574,0.003508,0.003078,0.036615,0.0021515,0.1450225
img_01399.jpg,0.03714,0.790773,0.03509,0.0024705,0.0052965,0.041916,0.0019925,0.0853215
img_01404.jpg,0.907821,0.006071,0.00294033333333333,0.0500413333333333,0.000306,0.0134003333333333,0.000756666666666667,0.018663
img_01405.jpg,0.785758666666667,0.00316933333333333,0.000880666666666667,0.000444,0.000939666666666667,0.204327333333333,0.00184766666666667,0.00263266666666667
img_01413.jpg,0.9772245,0.0010575,0.000572,0.003509,0.0130765,0.0041155,0.00022,0.000225
img_01426.jpg,0.4152325,0.4532375,0.0048855,0.0006545,0.00121,0.065938,0.0155695,0.043273
img_01431.jpg,0.190795333333333,0.0350283333333333,0.0815283333333333,0.633372,0.00578733333333333,0.0487216666666667,0.00364266666666667,0.00112366666666667
img_01441.jpg,0.000501,0.0005465,0.003913,0.000148,0.000102,0.0013895,0.0200865,0.973313
img_01444.jpg,0.293756,0.046976,0.0040885,0.003416,0.0012785,0.1526495,0.0225185,0.475317
img_01490.jpg,0.003651,0.0013955,0.1848955,0.001,0.000296,0.0008895,0.000228,0.807644
img_01495.jpg,0.676448,0.149485,0.074094,0.0186365,0.0034855,0.0158575,0.002353,0.0596395
img_01505.jpg,0.0063525,0.034261,0.005096,0.0011215,0.2070215,0.4206655,0.004843,0.32064
img_01511.jpg,0.798066,0.122592,0.01472,0.003658,0.004344,0.0260695,0.0007685,0.029782
img_01519.jpg,0.105798,0.1911595,0.004608,0.034572,0.0046765,0.334635,0.310528,0.0140215
img_01530.jpg,0.950942333333333,0.00136,0.00362733333333333,0.0102323333333333,0.0266503333333333,0.00495366666666667,0.00127066666666667,0.000963
img_01537.jpg,0.8254505,0.018018,0.026487,0.0019025,0.0211485,0.0582745,0.0058655,0.0428535
img_01538.jpg,0.8409455,0.004271,0.0074775,0.007084,0.001758,0.0970385,0.0281285,0.013297
img_01541.jpg,0.1395275,0.016458,0.007328,0.0007445,0.500245,0.037705,0.0003615,0.29763
img_01543.jpg,0.979501,0.0015715,0.000761,0.000266,0.002033,0.000861,0.000615,0.0143915
img_01548.jpg,0.997939666666667,0.000337,0.000181666666666667,8.26666666666667e-05,0.000369666666666667,0.000602,0.000248333333333333,0.000238666666666667
img_01552.jpg,0.995865,0.00026,0.002175,9.45e-05,0.0002125,0.0004825,0.0003025,0.0006075
img_01561.jpg,0.000146,3e-06,0.000309,3.3e-05,0.999214,7.9e-05,1.6e-05,0.000202
img_01562.jpg,0.5555415,0.007112,0.0004525,0.002314,0.0001465,0.002644,0.100239,0.3315505
img_01571.jpg,0.9865745,0.007701,0.0001025,6.55e-05,0.0039385,0.0001365,0.000609,0.0008725
img_01593.jpg,0.508868,0.2994645,0.0025645,0.006478,0.0072225,0.052638,0.019427,0.103337
img_01595.jpg,3.7e-05,0.00013,0.002014,0.00012,0.992575,0.000276,0.001043,0.003805
img_01616.jpg,0.975178,0.0030265,0.000822,9.9e-05,0.0010975,0.0107155,0.008447,0.0006145
img_01618.jpg,0.9558775,0.004344,0.000762,0.0018,0.00202,0.0203465,0.0083355,0.0065145
img_01627.jpg,0.8674004,0.1044534,0.0010574,0.003114,0.0004532,0.0194134,0.0015372,0.0025708
img_01632.jpg,0.981713,0.001098,0.003155,0.000219,0.009323,0.003098,0.000227,0.001168
img_01633.jpg,0.7222605,0.0100945,0.0004115,0.0012755,0.000316,0.2461875,0.005364,0.0140905
img_01640.jpg,0.998237,6.35e-05,8.7e-05,0.0001195,6.15e-05,2.5e-05,4.5e-06,0.0014015
img_01646.jpg,0.859407666666667,0.107569333333333,0.001039,0.00205866666666667,0.000732666666666667,0.00970966666666667,0.016586,0.00289633333333333
img_01647.jpg,0.68288,0.0016065,0.1400515,0.000492,0.1198865,0.0116945,0.000866,0.042523
img_01649.jpg,0.732546333333333,0.0230453333333333,0.085818,0.0274616666666667,0.008453,0.0423043333333333,0.017509,0.0628623333333333
img_01657.jpg,6.1e-05,0.000418,0.722786,0.0004455,0.0010085,5.45e-05,0.0003335,0.2748935
img_01669.jpg,0.080896,0.001467,0.0125205,0.8922125,0.0063105,0.0046145,0.001296,0.000683
img_01673.jpg,0.69572,0.0014505,0.011354,0.0022605,0.263626,0.0146195,0.0010455,0.009924
img_01681.jpg,0.3882805,0.0034955,0.009682,0.000377,0.0014575,0.0002845,0.0005645,0.595858
img_01684.jpg,0.941229,0.01211425,0.0021645,0.006357,0.00309775,0.02408375,0.001694,0.00926025
img_01685.jpg,0.529855,0.002537,0.157986,0.021598,0.106911,0.152008,0.027171,0.001934
img_01687.jpg,0.8414135,0.007199,0.0007795,0.000618,0.0006505,0.0015495,0.001674,0.146116
img_01688.jpg,0.319387,0.012682,0.00157,0.001153,0.001066,0.115334,0.008957,0.539851
img_01689.jpg,4.75e-05,0.0051255,0.08027,0.001113,0.0063935,0.230644,0.007052,0.669355
img_01716.jpg,0.042174,0.054343,0.009873,0.0018385,0.4999325,0.0733495,3e-04,0.318189
img_01717.jpg,0.655063,0.034454,0.000513,0.001536,0.289246,0.009731,0.001759,0.007698
img_01724.jpg,0.871258,0.0138345,0.0345855,0.0022795,0.0197465,0.044082,0.002525,0.0116885
img_01745.jpg,0.880396,0.000367,0.10375,0.008986,0.003186,0.001831,0.001011,0.000473
img_01771.jpg,0.972214,0.001774,0.004123,0.0024875,0.0003015,0.013456,0.0021425,0.0035005
img_01773.jpg,0.6477615,0.009924,0.000674,0.001258,0.000134,0.003719,0.031755,0.3047745
img_01781.jpg,0.075336,0.005491,0.003484,0.063575,0.433071,0.417841,0.000959,0.000243
img_01782.jpg,0.003659,9.4e-05,0.000721,5.4e-05,0.986366,0.000258,0.000595,0.008254
img_01802.jpg,0.7213855,0.0062525,0.0020325,0.0014345,0.167062,0.0595505,0.001544,0.0407385
img_01803.jpg,0.0097195,0.0599475,0.682711,0.0017015,0.0012335,0.0339085,0.0009885,0.2097895
img_01824.jpg,0.762296,0.014804,0.0015765,0.003664,0.0004945,0.1739235,0.017834,0.0254085
img_01825.jpg,0.1956355,0.3211875,0.308368,0.001632,0.074361,0.0064375,0.001918,0.0904605
img_01831.jpg,0.5502705,0.001511,0.017665,0.278656,0.0017235,0.0126745,0.0004915,0.137007
img_01834.jpg,0.281385,0.013986,0.1160985,0.0062115,0.001225,0.0405525,0.004586,0.5359555
img_01847.jpg,0.0059395,0.14645,0.0007535,0.0006905,0.0004265,0.0708515,0.0009095,0.773979
img_01853.jpg,0.141126,0.008786,0.001012,0.0023705,0.001316,0.001704,0.0007445,0.8429415
img_01856.jpg,0.996874,8e-06,6e-06,2e-06,0.000103,0.000201,2.7e-05,0.002779
img_01860.jpg,0.672235,0.239758333333333,0.02453,0.006937,0.0366246666666667,0.0117426666666667,0.00631933333333333,0.001854
img_01862.jpg,0.903913,0.0016165,0.0228905,0.000932,0.0107485,0.0473525,0.001054,0.0114935
img_01874.jpg,0.5167435,0.046866,0.000662,0.0037145,0.02953,0.3207425,0.0665995,0.0151425
img_01888.jpg,0.0648835,0.0533585,0.0018775,0.013597,0.0015135,0.8554545,0.0023715,0.006944
img_01918.jpg,0.1922185,0.0110915,0.110496,0.5948375,0.005368,0.0068315,0.018765,0.060392
img_01930.jpg,0.9485225,0.0024665,0.038618,0.001274,0.001927,0.0058515,0.0011705,0.00017
img_01932.jpg,0.697401,0.027641,0.0047,0.0582755,0.005489,0.0147555,0.010177,0.1815615
img_01955.jpg,1.9e-05,6e-06,2.5e-05,1.5e-06,2.5e-06,1.35e-05,1.05e-05,0.9999215
img_01963.jpg,0.995987,0.0002415,0.0002235,8.45e-05,0.0001215,0.002128,7.05e-05,0.0011435
img_01966.jpg,0.9333334,0.0569054,0.0005104,0.0013958,0.0002726,0.0016224,0.0023128,0.0036474
img_01976.jpg,0.989918,0.000531,0.000203,0.0002395,0.0004135,0.0002655,0.000164,0.0082655
img_01983.jpg,0.775651,0.00273,0.0294145,0.001244,0.145154,0.0017695,0.0001825,0.0438545
img_01984.jpg,0.251757,0.0304933333333333,0.002007,0.0256973333333333,0.002109,0.014161,0.000219666666666667,0.673556333333333
img_01995.jpg,0.063999,0.191599,0.0575185,0.296014,0.043258,0.209742,0.0043395,0.1335305
img_01996.jpg,0.3481775,0.0033105,0.0005085,0.000838,0.0012945,0.6327135,0.0033535,0.0098045
img_02001.jpg,0.358264,0.014759,0.000736,0.0032745,0.0196725,0.538048,0.0594425,0.0058035
img_02006.jpg,0.768916,0.0340015,0.0233755,0.060731,0.0212015,0.053979,0.0016395,0.036156
img_02066.jpg,0.7007605,0.0283755,0.027939,0.01802,0.113945,0.0821445,0.019949,0.008867
img_02074.jpg,0.9184255,0.008367,0.00408,0.0513765,0.0031865,0.009304,0.0008435,0.0044175
img_02076.jpg,0.1613265,0.513235,0.007377,0.001648,0.0066595,0.0008965,0.002399,0.3064585
img_02077.jpg,0.41919725,0.05198175,0.03371425,0.23601925,0.00632875,0.20724325,0.03556575,0.00994975
img_02078.jpg,0.338797,0.000317,0.497517,0.000532,0.159981,0.00061,0.000918,0.001328
img_02082.jpg,0.281686666666667,0.000246333333333333,0.00874266666666667,0.00133033333333333,0.279436,0.272460666666667,0.0563306666666667,0.099766
img_02083.jpg,0.4523965,0.0025655,0.02792,0.0005165,0.4985355,0.0165255,0.000642,0.000898
img_02096.jpg,0.9996785,0.0001245,6.95e-05,4.5e-06,1.55e-05,2.85e-05,2.95e-05,5.05e-05
img_02119.jpg,0.9213415,0.005462,0.0169415,0.0021375,0.001769,0.040253,0.000603,0.0114935
img_02124.jpg,0.2359835,0.000671,0.0001315,0.00024,3e-04,0.7593635,0.003223,8.8e-05
img_02135.jpg,0.207652,0.021747,0.0822556666666667,0.0110676666666667,0.411941666666667,0.236032333333333,0.0247953333333333,0.00450766666666667
img_02146.jpg,0.897356,0.000849,0.002477,0.0002975,0.095045,0.0032835,0.000467,0.000225
img_02159.jpg,0.495797,0.012082,0.0251745,0.01272,0.2973695,0.1507355,0.0016535,0.004469
img_02172.jpg,0.706146,0.11856,0.05572,0.0016195,0.009318,0.090757,0.004483,0.0133965
img_02180.jpg,0.852322,0.0219885,0.001169,0.000977,0.0004935,0.1030795,0.00238,0.0175895
img_02188.jpg,0.1580105,0.020998,0.002252,0.0069105,0.000691,0.027753,0.527627,0.255758
img_02194.jpg,0.7972175,0.0357015,0.064518,0.00021,0.006945,0.0009455,0.000659,0.0938035
img_02209.jpg,0.179831,0.0004265,9.9e-05,0.000115,9.5e-05,0.8186655,0.0007265,4.1e-05
img_02216.jpg,0.5117845,0.3061445,0.0092,0.0011305,0.037029,0.0093955,0.001066,0.12425
img_02231.jpg,0.4407605,0.000669,0.009474,0.4537335,0.0545015,0.0352125,0.001145,0.0045035
img_02235.jpg,0.0635865,0.189062,0.0210295,0.316645,0.035741,0.252269,0.0065975,0.11507
img_02252.jpg,0.9146995,0.002374,0.042048,0.00094,0.027885,0.008624,0.002288,0.001141
img_02268.jpg,0.784601,0.050883,0.032242,0.0141285,0.0229355,0.049543,0.0029195,0.0427465
img_02270.jpg,0.9011965,0.0057525,0.008738,0.0142795,0.023704,0.0394365,0.0022415,0.0046505
img_02281.jpg,0.575398,0.011817,0.052916,0.145122,0.118339,0.029818,0.0152615,0.0513285
img_02282.jpg,2e-06,0.0001565,0.0012505,3.45e-05,2.1e-05,0.0019615,0.000484,0.9960905
img_02285.jpg,0.9355355,0.000897,0.0172225,0.001406,0.0385465,0.003851,0.0021605,0.0003815
img_02291.jpg,0.976619,0.0150705,0.000941,0.0002205,0.0009335,0.0036755,0.0018205,0.0007195
img_02299.jpg,0.594354,0.146046,0.0166,0.016452,0.0010145,0.017192,0.003258,0.2050835
img_02305.jpg,0.0561615,0.1655715,0.0170895,0.297892,0.0331535,0.107792,0.005366,0.316974
img_02307.jpg,0.5773855,0.060854,0.000268,0.0023295,0.0012745,0.055404,0.002114,0.30037
img_02309.jpg,0.9998215,7.15e-05,1.05e-05,5e-06,4e-05,5e-06,5e-07,4.65e-05
img_02318.jpg,0.23711,0.0013655,0.0018715,0.0007785,0.012383,0.010405,0.0074295,0.728656
img_02347.jpg,0.219496,0.003938,0.007878,0.004909,0.71635,0.007019,0.002348,0.038061
img_02356.jpg,0.0128845,0.00015,0.0012695,0.002575,0.1191855,0.000705,0.0002035,0.863027
img_02367.jpg,0.908564666666667,0.002676,0.001534,0.00155866666666667,0.00130933333333333,0.00110933333333333,0.0285893333333333,0.054659
img_02372.jpg,0.019252,0.003623,0.198296,0.000523,0.510631,0.266136,0.0002785,0.001261
img_02379.jpg,0.385468,0.0073795,0.0005805,0.0001035,0.0013485,0.000579,0.0010635,0.603477
img_02384.jpg,0.60111,0.006479,0.001066,0.00376,0.0072735,0.072283,0.1767095,0.13132
img_02398.jpg,0.8512145,0.0047425,0.001709,0.0117635,0.0031905,0.0781195,0.0030475,0.046213
img_02400.jpg,0.962412,0.019994,0.0019515,0.0005845,0.0004595,0.013708,0.000121,0.000769
img_02406.jpg,0.186667333333333,0.00967366666666667,0.0220503333333333,0.677196,0.00506766666666667,0.080827,0.00558366666666667,0.012934
img_02412.jpg,0.707739,0.0040915,0.0004145,0.0001425,0.0039515,0.000719,0.002361,0.2805805
img_02416.jpg,0.358449,0.337477,0.023572,0.002871,0.062751,0.162029,0.02956,0.023291
img_02422.jpg,0.8756765,0.084337,0.0012455,0.003914,0.002276,0.0182875,0.008161,0.0061025
img_02479.jpg,0.497764,0.0007495,0.00144,0.0001565,0.4993065,0.000179,0.000103,0.000302
img_02486.jpg,0.625066333333333,0.243970333333333,0.0814123333333333,0.004821,0.00189833333333333,0.0375706666666667,0.00243833333333333,0.00282266666666667
img_02487.jpg,0.7007915,0.159604,0.000338,0.000618,0.0014175,0.0089525,0.003717,0.1245615
img_02507.jpg,0.2369225,0.0097655,0.362571,0.021845,0.1562965,0.1883085,0.0115035,0.012787
img_02522.jpg,0.778198,0.042816,0.0022495,0.0040285,0.0034795,0.004278,0.0015375,0.1634135
img_02540.jpg,0.8636175,0.007392,0.028425,0.003313,0.0034575,0.0646565,0.0008845,0.028254
img_02546.jpg,0.2357835,0.06651,0.0447205,0.006319,0.3178585,0.241878,0.023178,0.0637525
img_02556.jpg,0.1411205,0.022475,0.0001145,0.000535,0.0003775,0.001966,0.000335,0.833078
img_02560.jpg,0.498593,0.0012065,0.0001535,0.000425,0.497375,0.000371,0.000479,0.0013975
img_02563.jpg,0.06729,0.021244,0.128989,0.002342,0.608746,0.166885,0.000725,0.0037795
img_02565.jpg,0.8870465,0.003196,0.000547,0.000666,0.041161,0.049253,0.0022915,0.0158385
img_02573.jpg,0.709325,0.1199795,0.012699,0.00306,0.020338,0.111735,0.010609,0.012255
img_02574.jpg,0.1439735,0.0550125,0.020191,0.0411535,0.082052,0.1116425,0.030418,0.515556
img_02602.jpg,0.756853,0.08412,0.002586,0.0040865,0.036312,0.0323715,0.0172985,0.066372
img_02607.jpg,0.511552,0.0026345,0.0088705,0.002791,0.242137,0.1603755,0.007486,0.0641535
img_02622.jpg,0.934897,0.002193,0.0007565,0.0008375,0.004109,0.035651,0.0036475,0.017909
img_02625.jpg,0.230838,0.00549,0.0004785,0.0005625,0.001108,0.7537465,0.0049355,0.0028405
img_02636.jpg,0.717030333333333,0.0413826666666667,0.0104756666666667,0.004863,0.0503876666666667,0.004015,0.00284466666666667,0.169001333333333
img_02638.jpg,0.976717,0.0044725,0.000175,0.001038,0.000167,0.014552,0.000716,0.0021615
img_02641.jpg,0.983154,0.002317,0.000517,0.000622,0.001704,0.009246,0.000176,0.002263
img_02646.jpg,0.000841,0.007904,0.0245005,0.0005805,0.0008015,0.002627,0.0013955,0.961351
img_02648.jpg,0.137142,0.001973,0.351383,0.0234605,0.0014485,0.1274575,0.0065785,0.350557
img_02651.jpg,0.983855,0.001275,0.0001385,0.00024,0.003472,0.0007105,3.55e-05,0.010273
img_02656.jpg,0.708562,0.036205,0.002625,0.0113015,0.001824,0.056305,0.0125675,0.1706095
img_02666.jpg,0.981857,0.00879733333333333,0.000722333333333333,9.13333333333333e-05,0.000195333333333333,0.006827,0.000351333333333333,0.00115866666666667
img_02679.jpg,0.528692,0.2533805,0.0140655,0.002731,0.018135,0.0011405,0.0044005,0.1774545
img_02687.jpg,0.2790525,0.005171,0.005747,0.000955,0.0024515,0.000815,0.0082315,0.697576
img_02699.jpg,0.843947,0.001289,0.006215,0.0031555,0.0265345,0.027548,0.0646365,0.0266735
img_02702.jpg,0.9261855,0.003617,0.046416,0.0057805,0.004849,0.004686,0.000251,0.008216
img_02703.jpg,0.442953,0.0009625,0.010616,0.0051165,0.0746135,0.000423,0.0118,0.453515
img_02709.jpg,0.764458,0.113325,0.056008,0.0348435,0.002827,0.018423,0.0024375,0.007678
img_02726.jpg,0.805907,0.0046635,0.0164495,0.0017845,0.1559,0.003267,0.000277,0.0117515
img_02733.jpg,0.85767,0.001005,0.016227,0.030635,0.007131,0.0793975,0.004789,0.003145
img_02734.jpg,0.7749845,0.011492,0.0246725,0.012078,0.0032325,0.1037705,0.034203,0.035566
img_02739.jpg,0.999741,4.05e-05,1.55e-05,8e-06,0.000147,1.45e-05,3.5e-06,2.95e-05
img_02749.jpg,0.588603,0.008221,0.020093,0.288718,0.007224,0.00732,0.0006665,0.079155
img_02759.jpg,0.1964065,0.0193885,0.024041,0.008239,0.069555,0.01282,0.0081195,0.661431
img_02764.jpg,0.9753795,0.0034155,0.0008425,0.000108,0.000638,0.000222,4.9e-05,0.019345
img_02766.jpg,0.9797805,0.000884,0.001076,0.000148,0.000724,0.002973,0.000867,0.013548
img_02769.jpg,0.071955,0.0248415,0.045166,0.005632,0.0225655,0.0145815,0.011524,0.803734
img_02771.jpg,0.94055425,0.02027025,0.0028745,0.0029185,0.0001785,0.03020025,0.00047775,0.00252675
img_02789.jpg,0.3678095,0.0046475,0.0804845,0.0155105,0.481356,0.01572,0.0343545,0.000118
img_02799.jpg,0.994747,0.000248,4.8e-05,5.5e-05,0.0046655,0.000166,9e-06,6.3e-05
img_02808.jpg,0.87446175,0.03002325,0.01161625,0.0169675,0.00103825,0.051045,0.001553,0.01329575
img_02811.jpg,0.6827575,0.0002605,0.0055965,0.0027295,0.016611,0.164702,0.0005725,0.126771
img_02830.jpg,0.352888,0.1686355,0.0092415,0.0163155,0.009511,0.2996095,0.0791325,0.0646675
img_02834.jpg,0.5531045,0.0493325,0.0008725,0.003505,0.0008785,0.0621905,0.0565075,0.2736085
img_02837.jpg,0.562281,0.017017,0.0004295,0.0203595,0.011829,0.004558,0.0003655,0.383161
img_02838.jpg,0.716900333333333,0.097052,0.105794666666667,0.00832633333333333,0.00908633333333333,0.058406,0.000738,0.00369766666666667
img_02842.jpg,0.15942,0.003534,0.0001535,0.0001685,0.0003315,0.8343555,0.001916,0.000121
img_02857.jpg,0.189541,0.005231,0.021163,0.00219,0.744958,0.007884,0.003119,0.025914
img_02865.jpg,0.044369,0.000681,0.00282,0.002494,0.447076,0.067621,0.011522,0.423416
img_02871.jpg,0.1684845,0.222507,0.010699,0.0188535,0.03175,0.472609,0.052492,0.022605
img_02876.jpg,0.214659,0.013073,0.1853265,0.003297,0.0040765,0.0010435,0.002454,0.57607
img_02889.jpg,0.8619835,0.0178265,0.028099,0.035958,0.0278655,0.0063245,0.0042805,0.0176635
img_02890.jpg,0.846471,0.007874,0.0048635,0.0241485,0.0049715,0.106602,0.001464,0.003606
img_02899.jpg,0.8107355,0.0184325,0.0112165,0.04555,0.0059805,0.1066685,0.0009865,0.0004305
img_02904.jpg,0.6733705,0.1014075,0.0210065,0.008767,0.0163725,0.150629,0.013511,0.0149355
img_02911.jpg,0.692589,0.006438,0.054401,0.1608235,0.064491,0.004253,0.003272,0.0137325
img_02916.jpg,0.883998666666667,0.00309466666666667,0.003522,0.00198166666666667,0.002972,0.0965286666666667,0.003781,0.004122
img_02920.jpg,0.87660625,0.105538,0.0015505,0.00167625,0.00042175,0.0127055,0.00055525,0.000947
img_02943.jpg,0.911437,0.000576,0.0240275,0.0038595,0.0013715,0.049084,0.0031365,0.006507
img_02949.jpg,0.877427,0.0008895,0.096094,0.009879,0.005734,0.0025345,0.005837,0.0016055
img_02954.jpg,0.363894,0.0295555,0.018679,0.001981,0.462279,0.0142765,0.1039915,0.0053425
img_02956.jpg,0.822033333333333,0.0424553333333333,0.00971533333333333,0.00112633333333333,0.002075,0.000512,0.00119133333333333,0.120891333333333
img_02964.jpg,0.0040005,0.0024855,0.0286585,0.000396,0.00066,0.002219,0.0041815,0.957399
img_02974.jpg,0.9972795,0.0006425,2.45e-05,2.05e-05,0.001252,0.000235,3.35e-05,0.0005125
img_02977.jpg,0.661745,0.127023,0.0108,0.0168135,0.159916,0.010025,0.004512,0.009165
img_02993.jpg,0.092633,0.0019595,0.0065285,0.001001,0.000803,0.043273,0.0019365,0.8518655
img_03014.jpg,0.0784235,0.045789,0.005937,0.0010165,0.502106,0.0270865,0.000377,0.339264
img_03043.jpg,0.000721,0.0111925,0.0755695,0.0030325,0.0141575,0.15872,0.041569,0.695038
img_03055.jpg,0.907821,0.0585243333333333,0.00107966666666667,0.00396466666666667,0.000785666666666667,0.0251306666666667,0.000126333333333333,0.00256766666666667
img_03064.jpg,0.841207,0.0376965,0.0101095,0.006694,0.009115,0.0180215,0.065823,0.011335
img_03069.jpg,0.1637885,0.0388965,0.022061,0.5231205,0.005263,0.041015,0.0173975,0.188458
img_03074.jpg,0.993569,0.00187266666666667,0.00037,0.000429,0.000230333333333333,0.000652,0.001573,0.00130333333333333
img_03078.jpg,0.688868666666667,0.254271333333333,0.0157123333333333,0.006893,0.000274,0.0271756666666667,0.00392033333333333,0.002885
img_03080.jpg,0.941987,0.040359,0.0025125,0.0049675,0.000422,0.0084125,0.0004365,0.000904
img_03082.jpg,0.5868145,0.4073445,0.0011945,0.0012865,0.000422,9.85e-05,0.0001515,0.0026875
img_03087.jpg,0.611903333333333,0.0146093333333333,0.00772133333333333,0.015797,0.326056,0.0198046666666667,0.00198333333333333,0.00212433333333333
img_03116.jpg,0.395258,0.0455475,0.0156115,0.003134,0.4098115,0.004235,0.0005265,0.125875
img_03128.jpg,0.7962355,0.0146315,0.000417,0.000386,0.001298,0.132027,0.0009715,0.0540335
img_03135.jpg,0.037412,0.0157395,0.0002665,0.000572,0.0003645,0.0013425,0.0012145,0.943088
img_03140.jpg,0.7460535,0.1559255,0.002032,0.006296,0.0093125,0.0364525,0.0195345,0.024394
img_03166.jpg,0.722842,0.0049515,0.003487,0.00205,0.1941915,0.03877,0.0014505,0.032257
img_03169.jpg,0.213003,0.1446075,0.493474,0.004637,0.0046205,0.0230595,0.006192,0.110406
img_03181.jpg,0.798196666666667,0.035211,0.00360233333333333,0.001072,0.003403,0.100912333333333,0.00350866666666667,0.0540933333333333
img_03195.jpg,0.552823,0.078542,0.0007955,0.019185,0.0076395,0.153367,0.150332,0.037316
img_03199.jpg,0.957939,0.01831,0.0009995,0.0005365,0.0006675,0.00722,0.009982,0.0043455
img_03210.jpg,0.007369,0.0041935,0.30553,0.0044135,0.0029635,0.068403,0.0038515,0.6032755
img_03220.jpg,0.8353585,0.028179,0.001659,0.002866,0.0632415,0.0490735,0.0153715,0.0042525
img_03222.jpg,0.900059,0.0261695,0.000126,0.001506,0.005483,0.0638205,0.0024835,0.000353
img_03223.jpg,0.667372,0.0368155,0.001189,0.002452,0.003357,0.0022485,0.000296,0.2862695
img_03228.jpg,0.797798666666667,0.0108803333333333,0.00607,0.170763666666667,0.000848666666666667,0.00549533333333333,0.001624,0.00651933333333333
img_03229.jpg,0.164559,0.008374,0.0082035,0.0036925,0.0030165,0.0403635,0.729011,0.0427805
img_03231.jpg,0.352104,0.031127,0.114705,0.018274,0.10856,0.315806,0.007447,0.051977
img_03238.jpg,0.828956,0.0172165,0.0009445,0.001646,0.0360925,0.070249,0.005894,0.039001
img_03239.jpg,0.0043185,0.019893,0.023269,0.002913,0.0079315,0.005096,0.935385,0.001194
img_03252.jpg,0.969576,0.0101525,0.0014665,0.000187,0.0003345,0.015879,0.000437,0.001967
img_03254.jpg,0.2130005,0.0045605,0.000123,0.0003035,0.0003385,0.7789335,0.002384,0.000356
img_03260.jpg,0.892349,0.0015535,0.000891,0.000797,0.001344,0.1011605,0.000395,0.001511
img_03261.jpg,0.750209333333333,0.0912783333333333,0.0846236666666667,0.0248363333333333,0.0113273333333333,0.035085,0.00183866666666667,0.000800666666666667
img_03270.jpg,0.013337,0.000562,0.000654,0.00032,0.07726,0.0001965,0.000258,0.907413
img_03283.jpg,0.0064545,0.008439,0.0060285,0.008498,0.0005955,0.002447,0.002792,0.9647465
img_03290.jpg,0.0748575,0.0128075,0.0026645,0.0007685,0.0034635,0.029036,0.00825,0.8681525
img_03297.jpg,0.989226,0.000857,0.00384,0.001841,0.000314,0.001774,0.000423,0.001725
img_03310.jpg,0.6430175,0.014888,0.000731,0.0039535,0.014997,0.318884,0.002985,0.000545
img_03312.jpg,0.82681875,0.03816575,0.0194085,0.002148,0.0002355,0.0164115,0.00141975,0.09539225
img_03324.jpg,0.2848705,0.002473,0.0685425,0.0029025,0.000533,0.0262575,0.002988,0.611434
img_03333.jpg,0.9319665,0.0039765,0.0001415,0.001854,9.8e-05,0.056314,0.0037345,0.001915
img_03342.jpg,0.7210515,0.2114695,0.0004605,0.0005755,0.000395,0.050454,0.0005915,0.015003
img_03346.jpg,0.984059,0.0104225,0.000499,0.0011995,0.001022,0.0017455,0.000138,0.000914
img_03355.jpg,0.5066885,0.002896,0.0006095,0.000729,0.0006785,0.0022045,0.0361025,0.450091
img_03361.jpg,0.542892,0.135605,0.0604386666666667,0.00968033333333333,0.00550666666666667,0.0218586666666667,0.0194426666666667,0.204577333333333
img_03370.jpg,0.9544065,0.003623,0.0012375,0.0013135,0.0008865,0.027966,0.000874,0.009692
img_03399.jpg,0.483552,0.162444,0.003327,0.00141,0.003703,0.344007,0.00146,9.75e-05
img_03410.jpg,0.516012,0.031017,0.0029985,0.0010865,0.407912,0.003423,0.000494,0.037058
img_03422.jpg,0.878218,0.00979766666666667,0.0143253333333333,0.039143,0.00248866666666667,0.0535483333333333,0.00137066666666667,0.00110833333333333
img_03426.jpg,0.9541275,0.002851,0.0016935,0.000317,0.0007025,0.0042635,0.0013145,0.0347285
