image,ALB,BET,DOL,LAG,NoF,OTHER,SHARK,YFT
img_00005.jpg,4e-05,0,0.000117,1.6e-05,0.998707,3.9e-05,0.00108,1e-06
img_00007.jpg,0.0274525,0.0062155,0.025328,0.0177295,0.0003345,0.000719,0.0017165,0.920505
img_00009.jpg,0.758293333333333,0.141147,0.0124113333333333,0.008203,0.00151633333333333,0.0729676666666667,0.00105833333333333,0.004403
img_00018.jpg,0.623276666666667,0.0451326666666667,0.0275253333333333,0.0140796666666667,0.00110333333333333,0.285693,0.00120266666666667,0.00198666666666667
img_00027.jpg,0.464914,0.2513765,0.0012405,0.0020635,0.003696,0.2134325,0.001522,0.0617545
img_00030.jpg,0.0997405,0.0097815,0.0322255,0.008409,0.300434,0.39764,0.1454045,0.006366
img_00040.jpg,0.1195335,0.0293725,0.0117715,0.004014,0.0068015,0.301545,0.4512685,0.0756925
img_00046.jpg,0.6513805,0.000583,0.002946,0.0002635,0.248765,0.090595,0.0028875,0.0025795
img_00053.jpg,0.7654905,0.02609,0.027671,0.007788,0.02894,0.080783,0.01371,0.049528
img_00071.jpg,0.114147333333333,0.00620133333333333,0.00337666666666667,0.573959333333333,0.0140766666666667,0.276668333333333,0.00124333333333333,0.010327
img_00075.jpg,0.6284145,0.028709,0.0002755,0.000532,0.003699,0.3372175,0.0009525,2e-04
img_00102.jpg,0.120892,0.104594,0.007584,0.0028235,0.0030195,0.139375,0.002542,0.6191695
img_00103.jpg,0.948805666666667,0.014114,0.000489666666666667,0.000686333333333333,0.000727666666666667,0.0295403333333333,0.000473333333333333,0.00516166666666667
img_00109.jpg,0.9946275,2.8e-05,0.0003465,5.65e-05,0.001831,0.002709,0.000272,0.000129
img_00119.jpg,0.011667,0.0004265,0.0048565,0.0011015,0.226451,0.518003,0.004526,0.2329685
img_00120.jpg,0.6007315,0.0144715,0.000641,0.002333,0.0005575,0.0016005,0.063695,0.3159695
img_00125.jpg,0.693014,0.00921766666666667,0.007377,0.00436466666666667,0.000743,0.0331663333333333,0.0105846666666667,0.241532666666667
img_00128.jpg,0.003361,0.037359,0.565284,0.001565,0.001867,0.0040615,0.000834,0.385668
img_00129.jpg,0.1013155,0.0084015,0.0103325,0.0057995,0.0044715,0.287771,0.561433,0.020476
img_00133.jpg,0.4500585,0.001759,0.0114985,0.002572,0.4564685,0.0754285,0.001865,0.000351
img_00138.jpg,0.8365615,0.0727175,0.0077335,0.000996,0.0045145,0.0108585,0.003576,0.063043
img_00141.jpg,6.8e-05,8.25e-05,0.001259,1.15e-05,7.5e-06,3.5e-06,0.000861,0.9977065
img_00152.jpg,0.000338,0.0016815,0.0223025,0.001403,0.0009585,0.0419095,0.0818165,0.8495905
img_00161.jpg,5.3e-05,5.05e-05,0.001558,2.4e-05,5.3e-05,0.00019,0.0003705,0.9977015
img_00164.jpg,0.4802595,0.0002035,0.004798,0.000735,0.499279,5.75e-05,2.15e-05,0.014645
img_00170.jpg,0.534387,0.001955,0.0158705,0.2933065,0.006028,0.0171025,0.0007215,0.1306295
img_00171.jpg,0.728468333333333,0.00141766666666667,0.010448,0.0205226666666667,0.002638,0.227036666666667,0.006631,0.00283766666666667
img_00172.jpg,0.000276,5e-06,0.000935,5.3e-05,0.998037,9.6e-05,0.000582,1.5e-05
img_00175.jpg,0.7823035,0.0046345,0.0046235,0.016861,0.0061355,0.1807235,0.0014975,0.0032215
img_00180.jpg,0.0400695,0.0003685,0.000884,0.0008395,0.0606585,0.0004755,0.000283,0.8964205
img_00196.jpg,0.254369,0.000611,0.001573,0.001028,0.314234,0.005779,0.001507,0.4209
img_00212.jpg,0.146853,0.023769,0.0049075,0.1607735,0.000701,0.0003915,0.000816,0.661789
img_00223.jpg,0.920904,0.043557,0.008036,0.001222,0.000256,0.023088,0.0002745,0.002662
img_00230.jpg,0.683324,0.305072,0.002913,0.001781,0.00055,0.00449466666666667,0.000459,0.001406
img_00232.jpg,0.001745,0.0163255,0.0071355,0.002389,0.0064085,0.003838,0.9375285,0.024629
img_00244.jpg,0.4513235,0.171221,0.0006345,0.0017665,0.002017,0.0635295,0.003136,0.306372
img_00272.jpg,0.8353765,0.0192925,0.10568,0.017863,0.0005935,0.009658,0.000983,0.010553
img_00280.jpg,0.70898075,0.009821,0.04528975,0.00206975,0.1782585,0.040222,0.00151275,0.013845
img_00282.jpg,0.6812205,0.005133,0.009036,0.0325485,0.0048415,0.259433,0.0023305,0.0054575
img_00285.jpg,0.7901425,0.0810215,0.001127,0.0017315,0.000564,0.0719475,0.019422,0.0340445
img_00289.jpg,0.860862,0.0559176666666667,0.0116433333333333,0.000787333333333333,0.0338386666666667,0.00187366666666667,0.000108666666666667,0.034969
img_00292.jpg,0.5896095,0.2251665,0.0001475,0.0007635,0.0020395,0.080348,0.0015765,0.1003495
img_00302.jpg,0.1508165,0.0221725,0.0066775,0.0027505,0.0023235,0.129564,0.627162,0.0585335
img_00311.jpg,0.9993845,2.05e-05,3.9e-05,2.3e-05,0.000106,2.4e-05,2e-06,0.0004015
img_00320.jpg,0.9962915,0.0008795,0.000473,6.55e-05,0.0004095,0.0008675,0.000287,0.000727
img_00331.jpg,0.533916666666667,0.0694543333333333,0.005767,0.0103686666666667,0.0206003333333333,0.137467,0.174266333333333,0.04816
img_00358.jpg,0.04956,0.4208645,0.002912,0.0085595,0.0037205,0.2594915,0.070134,0.184758
img_00374.jpg,0.424455333333333,0.086955,0.00363633333333333,0.000674666666666667,0.000443666666666667,0.00281266666666667,0.000476,0.480547333333333
img_00375.jpg,0.283516,0.029784,0.1932965,0.051524,0.062475,0.3726825,0.0064245,0.0002975
img_00376.jpg,0.940164,0.0293135,0.0026655,0.0060835,0.005992,0.001887,0.011995,0.0018995
img_00380.jpg,0.980604,0.0002755,0.0167355,0.000351,0.001184,0.000588,0.000222,3.9e-05
img_00383.jpg,0.9958435,0.0004585,0.0001155,5.85e-05,0.003165,0.000214,6.5e-06,0.000139
img_00398.jpg,0.9146925,0.0055995,0.001036,0.0011695,0.051585,0.0045905,0.015468,0.005859
img_00407.jpg,0.855796666666667,0.0229893333333333,0.0147256666666667,0.0546436666666667,0.00202566666666667,0.0472086666666667,0.00137166666666667,0.00123866666666667
img_00417.jpg,0.074816,0.045038,0.0026405,0.036718,0.0013545,0.00024,0.0041635,0.83503
img_00432.jpg,0.876424,0.0061225,0.0591605,0.007043,0.0124955,0.020974,0.0063245,0.0114565
img_00442.jpg,2.5e-06,0.0005575,0.0015125,1.4e-05,6e-06,6.7e-05,2.1e-05,0.997819
img_00446.jpg,0.84426,0.026186,0.000956,0.008044,0.032813,0.023473,0.0193025,0.044966
img_00469.jpg,0.5458695,0.0059795,0.0063125,0.059872,0.0064015,0.0064315,0.0120815,0.3570525
img_00473.jpg,0.806943,0.002029,0.0025225,0.000279,0.021377,0.002219,0.000166,0.1644645
img_00483.jpg,0.8414485,0.0763945,0.00029,0.000281,0.0005785,0.002781,0.000755,0.0774715
img_00484.jpg,0.2164255,0.0152985,0.0041495,0.003182,0.008359,0.0027985,0.0120085,0.737778
img_00486.jpg,0.5863695,0.1029145,0.2143775,0.0799585,0.0007165,0.0054605,0.0096725,0.0005295
img_00487.jpg,0.0627545,0.0152045,0.0809035,0.020213,0.6527625,0.142305,0.0011485,0.024709
img_00493.jpg,0.16924,0.01767,0.178687,0.031325,0.2147705,0.2309485,0.1249905,0.0323675
img_00518.jpg,0.853847,0.000917,0.135979,0.0002425,0.006322,0.0013495,0.000493,0.0008505
img_00533.jpg,0.107897,0.1784865,0.0157995,0.0106935,0.001252,0.1693195,0.196407,0.3201445
img_00538.jpg,0.820077333333333,0.0378573333333333,0.001243,0.004881,0.000871666666666667,0.040411,0.001041,0.0936166666666667
img_00543.jpg,0.999391,4.15e-05,2.4e-05,3e-05,0.000263,3.2e-05,3.5e-06,0.0002155
img_00550.jpg,0.5989275,0.012237,0.0936385,0.007082,0.029023,0.2441195,0.0036185,0.011354
img_00551.jpg,0.823486,0.0009575,0.001139,0.001955,0.005289,0.0761245,0.0010165,0.090032
img_00564.jpg,0.118556,0.182894,0.044052,0.004576,0.5209035,0.10267,0.0019345,0.024414
img_00575.jpg,0.7574615,0.010468,0.000956,0.0031225,0.0029455,0.0178495,0.1126305,0.094566
img_00582.jpg,0.599117,0.0488276666666667,0.035744,0.00693833333333333,0.011063,0.249487,0.0233396666666667,0.0254826666666667
img_00584.jpg,0.5347345,0.0009595,0.052527,0.00121,0.3368745,0.058423,0.001579,0.013692
img_00587.jpg,0.392191,0.241602,0.001429,0.025563,0.0011625,0.077236,0.000439,0.2603775
img_00590.jpg,0.0062725,0.026202,0.0005285,0.0008875,0.000578,0.0004055,0.000847,0.964279
img_00591.jpg,0.081046,0.047173,0.002236,0.0007725,0.003133,0.030204,0.0122205,0.8232145
img_00598.jpg,0.816596,0.0256553333333333,0.00866866666666667,0.0421553333333333,0.000901333333333333,0.0336206666666667,0.0117576666666667,0.0606453333333333
img_00599.jpg,0.875278,0.014428,0.004873,0.0058755,0.0011535,0.003033,0.0907695,0.00459
img_00612.jpg,0.883567,0.0394365,0.0002525,0.003715,0.000166,0.043102,0.0080225,0.021738
img_00618.jpg,0.9222505,0.0060025,0.0025515,0.016104,0.04066,0.0027705,0.000113,0.009547
img_00620.jpg,0.941157,0.0061265,0.010193,0.0038465,0.0051115,0.028978,0.002566,0.0020225
img_00642.jpg,0.5023055,0.0040565,0.026782,0.4580365,0.005939,0.0016955,0.0003205,0.000864
img_00646.jpg,0.004992,0.0257455,0.028376,0.0009895,0.000775,0.00209,0.0040165,0.933016
img_00648.jpg,0.99835,0.000106,4.05e-05,0.0001995,7e-05,1.3e-05,3e-06,0.0012185
img_00650.jpg,0.5309865,0.0145985,0.002123,0.005152,0.0022185,0.187674,0.082586,0.174662
img_00654.jpg,0.685838,0.015069,0.078264,0.0075645,0.102217,0.101669,0.006685,0.002694
img_00664.jpg,0.955249,0.0013635,0.002715,0.0004785,0.0263915,0.0083115,0.0026315,0.00286
img_00667.jpg,0.04175,0.000536,0.003465,0.00341,0.561483,0.042306,0.014258,0.332791
img_00676.jpg,0.020052,0.000613,0.001637,0.00098,0.493198,0.043382,0.002821,0.437317
img_00697.jpg,1.85e-05,2.6e-05,0.004432,5.8e-05,7.1e-05,2.15e-05,0.0001555,0.9952165
img_00708.jpg,0.5674655,0.0564965,0.0033065,0.0081035,0.008445,0.217395,0.078197,0.060591
img_00716.jpg,0.230272,0.2417145,0.0104915,0.013132,0.030528,0.2576915,0.086268,0.1299025
img_00717.jpg,0.56083,0.074881,0.005678,0.0030855,0.001383,0.3342975,0.0111555,0.0086895
img_00718.jpg,0.9511545,0.000552,0.000883,0.00174,0.002978,0.036995,0.0003425,0.0053555
img_00723.jpg,0.603684,0.033104,0.000765,0.002492,0.306951,0.026064,0.003514,0.023425
img_00724.jpg,0.15116,0.001906,0.034732,0.0021,0.017904,0.0036195,0.2251535,0.563425
img_00726.jpg,0.9950055,0.0005105,6.7e-05,5.7e-05,0.002243,0.0001895,0.0016575,0.00027
img_00729.jpg,0.881805,0.000123,0.001184,0.000534,0.110441,0.003577,0.002263,7.3e-05
img_00730.jpg,0.0908795,0.06503,0.0006005,0.0008735,0.000259,0.001826,0.00167,0.838862
img_00757.jpg,0.863784,0.0555395,0.021867,0.015235,0.0038285,0.0205865,0.0033655,0.0157945
img_00760.jpg,0.317217,0.002032,0.0331543333333333,0.614941333333333,0.010497,0.0146553333333333,0.001835,0.005668
img_00763.jpg,0.4976215,0.00071,0.004191,0.0002055,0.3368285,0.000981,8.25e-05,0.15938
img_00764.jpg,0.000384,0.001711,0.008149,0.0005815,0.0611485,0.0004685,0.0001775,0.9273805
img_00765.jpg,0.0388495,0.0412605,0.001228,0.0113785,0.001076,0.8936995,0.002078,0.0104295
img_00772.jpg,0.007287,0.005542,0.525613,0.002048,0.00111,0.000744,0.000683,0.456971
img_00773.jpg,0.94317,0.0159175,0.023934,0.0026855,0.0006355,0.0130175,0.000389,0.000252
img_00777.jpg,0.23123,0.041283,0.0018145,0.0017655,0.004212,0.716668,0.0030095,1.8e-05
img_00780.jpg,0.024696,0.0185745,0.05468,0.00275,0.002998,0.089975,0.009655,0.796671
img_00798.jpg,0.9390135,0.015223,0.002261,0.001818,0.000467,0.0185805,0.005073,0.017564
img_00808.jpg,0.923372666666667,0.020725,0.00602033333333333,0.00864333333333333,0.000145666666666667,0.0392186666666667,0.00125533333333333,0.000619333333333333
img_00816.jpg,0.9386105,0.044331,0.004509,0.000149,0.004048,0.000606,1e-04,0.0076465
img_00828.jpg,0.20188,0.030015,0.0377745,0.001665,0.500591,0.0225625,0.0001675,0.2053455
img_00833.jpg,0.587341,0.0428495,0.0034745,0.0115675,0.0172955,0.1787435,0.111299,0.0474295
img_00837.jpg,0.971987,0.007642,0.0002825,0.001695,0.0036355,0.0136245,0.000101,0.0010325
img_00855.jpg,0.778788,0.0035715,0.0024645,0.006006,0.0023085,0.0029115,0.000526,0.203423
img_00857.jpg,0.9814715,0.0114065,0.000591,0.0001475,0.0005235,0.0049025,0.0006085,0.0003485
img_00858.jpg,0.9042045,0.001644,0.0099935,0.0004465,0.0013385,0.060642,0.020206,0.001524
img_00865.jpg,0.948059333333333,0.013968,0.000713333333333333,0.00191133333333333,0.00022,0.00861266666666667,0.000636666666666667,0.02588
img_00876.jpg,0.001996,0.000394,0.001929,0.001799,0.620106,0.067789,0.003411,0.302576
img_00889.jpg,0.0351705,0.012183,0.397271,0.0058155,0.0424305,0.0350055,0.0046255,0.467499
img_00894.jpg,0.873735,0.0065445,0.04005925,0.0358235,0.02771275,0.004302,0.00640175,0.0054215
img_00902.jpg,0.0082275,0.028987,0.0112235,0.0024905,0.010441,0.002683,0.928455,0.007491
img_00914.jpg,0.00016,0.0001325,0.002937,3.35e-05,0.000289,0.0003245,6.4e-05,0.9960595
img_00921.jpg,0.743279,0.0020675,0.000941,0.001261,0.047353,0.1589925,0.0196065,0.0264985
img_00927.jpg,0.0780115,0.0090705,0.0002075,0.0004385,0.0002995,0.0010965,0.000478,0.9103985
img_00943.jpg,0.7440465,0.0438495,0.000189,0.000233,0.0015385,0.0035125,0.0005665,0.2060645
img_00948.jpg,0.8632315,0.0007605,0.009572,0.013284,0.0874915,0.004009,0.0056335,0.016018
img_00950.jpg,0.513157,0.001601,0.0018885,0.000493,0.4660185,0.003834,0.000182,0.012826
img_00959.jpg,0.988226,8.8e-05,3.1e-05,5.6e-05,0.005186,0.0059425,0.0002145,0.000258
img_00962.jpg,0.0035045,0.010786,0.2061525,0.001553,0.001173,0.0023985,0.0002365,0.7741965
img_00964.jpg,0.000563,0.018752,0.944495,0.0016185,0.000289,0.02897,0.0007695,0.0045435
img_00966.jpg,0.400645,0.07955,0.000559,0.001257,0.466907,0.019073,0.012539,0.019469
img_00974.jpg,0.670697,0.052032,0.053827,0.009626,0.00309766666666667,0.086362,0.00551366666666667,0.118844333333333
img_00979.jpg,0.322825,0.0031515,0.1334715,0.002734,0.0003615,0.003645,0.000623,0.533188
img_00982.jpg,0.4980845,0.250903,0.01111,0.0046145,0.0232595,0.1615235,0.0176285,0.032877
img_00985.jpg,0.540354,0.2145275,0.001224,0.002625,0.001221,0.124053,0.015194,0.1008015
img_00999.jpg,0.9861355,0.003648,0.0003405,0.000301,0.000329,0.005649,0.0006105,0.0029865
img_01022.jpg,0.7706085,0.008233,0.00745,0.074577,0.0442455,0.0889265,0.0025505,0.003409
img_01031.jpg,0.975004,0.00183066666666667,0.00234133333333333,0.000506,0.000880333333333333,0.0153926666666667,0.00236333333333333,0.001682
img_01035.jpg,0.4231595,0.01264,0.000699,0.0005895,0.0021605,0.5589,0.0018315,2.1e-05
img_01043.jpg,0.59905,0.0324033333333333,0.00534233333333333,0.00389533333333333,0.322063666666667,0.0297146666666667,0.00725866666666667,0.000271666666666667
img_01058.jpg,0.91799,0.005362,0.001652,0.000382,0.007749,0.000534,0.001976,0.064355
img_01059.jpg,0.235159,0.0031435,0.000466,0.000492,0.0001705,0.245534,0.0038515,0.511184
img_01090.jpg,0.539505,0.004007,0.1013555,0.001454,0.333081,0.0032515,0.004288,0.0130585
img_01102.jpg,0.461396,0.071818,0.012223,0.0117125,0.0026175,0.0024905,0.0084235,0.429318
img_01103.jpg,0.9225545,0.009514,0.006277,0.003206,0.0006355,0.0018465,0.013284,0.042682
img_01116.jpg,0.874268,0.067872,0.006062,0.0030245,0.0004195,0.024381,0.0030475,0.0209255
img_01134.jpg,0.890028,0.0020455,0.0007475,0.000717,0.0008175,0.050017,0.000689,0.0549385
img_01142.jpg,0.5736245,0.013283,0.01578,0.005918,0.0041895,0.356791,0.006036,0.0243785
img_01168.jpg,0.0632695,0.08127,0.0013025,0.029655,0.008277,0.806387,0.008923,0.0009165
img_01171.jpg,1.1e-05,0.00012,0.000891,0.000299,0.914054,0.000168,0.000265,0.084192
img_01177.jpg,0.569403,0.020058,0.047846,0.027639,0.199598,0.121193,0.003295,0.010969
img_01179.jpg,0.864256,0.001503,0.0015815,0.006034,0.0371235,0.087146,0.0012605,0.001095
img_01188.jpg,0.032955,0.025734,0.002112,0.008797,0.001039,0.899861,0.003678,0.025823
img_01198.jpg,0.5021195,0.0832695,0.009722,0.0034395,0.372297,0.0172425,0.00123,0.0106795
img_01204.jpg,0.0072935,0.000834,0.0074685,0.0006225,0.123393,0.5188605,0.0025985,0.33893
img_01208.jpg,0.006862,2.1e-05,0.000222,5.3e-05,0.98547,2.7e-05,0.000112,0.007233
img_01211.jpg,0.997907,0.0009335,2.7e-05,5.35e-05,0.0007025,9.9e-05,1.7e-05,0.0002605
img_01213.jpg,0.840294333333333,0.11571,0.00103566666666667,0.011894,0.00714,0.013026,0.00128233333333333,0.00961766666666667
img_01222.jpg,0.595005,0.252627,0.005399,0.030652,0.001328,0.012275,0.0032815,0.099433
img_01224.jpg,0.269001,0.01118,0.0309625,0.002716,0.0005095,0.0218605,0.001413,0.6623575
img_01237.jpg,0.514661,0.000179,0.0003865,0.000223,0.450047,0.002188,0.001042,0.031274
img_01249.jpg,0.3428095,0.0005295,0.0237745,0.0051355,0.526197,0.077132,0.018701,0.005721
img_01253.jpg,2.65e-05,6.3e-05,0.000644,7.5e-06,1.95e-05,6.35e-05,1.45e-05,0.99916
img_01286.jpg,0.07773,0.004362,0.048074,0.0147375,0.222903,0.0888955,0.0095515,0.5337455
img_01289.jpg,0.2144135,0.029428,0.001268,0.000859,0.0021915,0.2164655,0.0061895,0.529186
img_01325.jpg,0.080812,0.076356,0.039045,0.007242,0.580912,0.00109,0.010649,0.203894
img_01328.jpg,0.857208666666667,0.100938666666667,0.000795333333333333,0.00726033333333333,0.00882866666666667,0.0208073333333333,0.00301133333333333,0.00114933333333333
img_01366.jpg,0.729818,0.0020925,0.0046435,0.010257,0.0037155,0.248078,0.000678,0.0007175
img_01371.jpg,0.9597315,0.005168,0.0018615,0.000978,0.013865,0.003657,0.0012805,0.013458
img_01373.jpg,0.462684,0.0208425,0.1217855,0.016949,0.127338,0.234443,0.0047825,0.011176
img_01377.jpg,0.3782535,0.068841,0.110404,0.0147725,0.2428815,0.165707,0.0022645,0.016877
img_01379.jpg,0.9222205,0.00623,0.0050955,0.002394,0.007319,0.0480665,0.0020105,0.006664
img_01384.jpg,0.470466,0.0073995,0.054411,0.0097835,0.1737945,0.272605,0.002245,0.009296
img_01388.jpg,0.8490635,0.011832,0.000852,0.0002595,0.0027805,0.1220185,0.000935,0.012259
img_01392.jpg,0.0018445,0.2511795,0.500574,0.0033385,0.001764,0.034115,0.002511,0.204673
img_01399.jpg,0.0293345,0.8289335,0.0245185,0.0022275,0.0037405,0.0628115,0.0020885,0.0463455
img_01404.jpg,0.945686333333333,0.0116716666666667,0.003052,0.00698533333333333,0.000161333333333333,0.0140703333333333,0.000249666666666667,0.0181233333333333
img_01405.jpg,0.691908,0.00368466666666667,0.001119,0.000869333333333333,0.00179733333333333,0.295478,0.00388366666666667,0.00125933333333333
img_01413.jpg,0.9681335,0.000549,0.0009655,0.0063495,0.0167215,0.0067625,0.000345,0.000174
img_01426.jpg,0.380264,0.4727215,0.002922,0.0005215,0.000518,0.092633,0.0334045,0.017015
img_01431.jpg,0.192440666666667,0.0284976666666667,0.0961643333333333,0.650894333333333,0.003672,0.025255,0.00212066666666667,0.000955
img_01441.jpg,0.000213,0.0007745,0.0029255,0.0001745,0.000609,0.0007955,0.0029695,0.9915385
img_01444.jpg,0.4039475,0.0719365,0.001171,0.0013825,0.000848,0.100965,0.006526,0.413224
img_01490.jpg,0.0029735,0.001401,0.174884,0.000946,0.000468,0.0014175,0.000278,0.817632
img_01495.jpg,0.7483045,0.1668475,0.0351575,0.002805,0.0023265,0.003436,0.001804,0.0393195
img_01505.jpg,0.047663,0.046835,0.009344,0.001162,0.1853145,0.3775015,0.002967,0.3292115
img_01511.jpg,0.840725,0.141011,0.00851,0.0009705,0.0016125,0.0021085,0.0003755,0.004688
img_01519.jpg,0.284788,0.1842915,0.005944,0.033648,0.0035445,0.162631,0.313185,0.011967
img_01530.jpg,0.876149666666667,0.003327,0.00335933333333333,0.022938,0.0842526666666667,0.00574033333333333,0.00337266666666667,0.000859666666666667
img_01537.jpg,0.8404585,0.0218795,0.0372455,0.002007,0.0082025,0.048152,0.005825,0.036229
img_01538.jpg,0.7477805,0.013593,0.00396,0.0038195,0.0019195,0.1581815,0.063668,0.0070785
img_01541.jpg,0.097797,0.021239,0.003145,0.0005945,0.499241,0.0268085,0.0001945,0.3509815
img_01543.jpg,0.9384195,0.003799,0.00098,0.0004315,0.0014955,0.0008765,0.0003555,0.053643
img_01548.jpg,0.993921333333333,0.000511333333333333,0.000281666666666667,0.000238333333333333,0.000562,0.00132866666666667,0.000293666666666667,0.00286266666666667
img_01552.jpg,0.998151,0.000137,0.0002935,4.55e-05,0.0001425,0.0005505,0.0003165,0.0003635
img_01561.jpg,0.000548,3e-06,0.00071,2.6e-05,0.998524,6.2e-05,2.4e-05,0.000103
img_01562.jpg,0.5559015,0.0025905,0.000192,0.001164,0.0001305,0.000813,0.028867,0.4103415
img_01571.jpg,0.98416,0.013606,0.0001065,0.0001485,0.000862,7.55e-05,0.0002755,0.0007665
img_01593.jpg,0.530785,0.2400775,0.009824,0.009926,0.007533,0.0538255,0.036942,0.111087
img_01595.jpg,2.2e-05,0.000106,0.002595,0.000217,0.990362,0.00078,0.001479,0.004438
img_01616.jpg,0.9812325,0.001563,0.0008425,0.0001505,0.0004265,0.010093,0.005433,0.00026
img_01618.jpg,0.941315,0.0019705,0.000868,0.0015315,0.0048485,0.0323265,0.0050655,0.012075
img_01627.jpg,0.8563692,0.107864,0.0019566,0.0010622,0.0003076,0.0254398,0.0004424,0.006558
img_01632.jpg,0.945829,4e-04,0.003167,0.000284,0.044109,0.00434,0.00031,0.00156
img_01633.jpg,0.673257,0.009908,0.000334,0.002086,0.000429,0.290426,0.0046865,0.0188735
img_01640.jpg,0.998872,6.05e-05,0.0001135,0.000126,0.000207,2.75e-05,6.5e-06,0.0005865
img_01646.jpg,0.890912666666667,0.0930463333333333,0.000466,0.001455,0.000354333333333333,0.00840333333333333,0.002894,0.00246866666666667
img_01647.jpg,0.736247,0.0023715,0.076363,0.0006025,0.153741,0.003914,0.000726,0.026035
img_01649.jpg,0.846877666666667,0.0167553333333333,0.053859,0.0160073333333333,0.003556,0.0301496666666667,0.008398,0.024397
img_01657.jpg,3.4e-05,0.0002875,0.7246345,0.0002785,0.0010265,3.3e-05,0.0001195,0.2735865
img_01669.jpg,0.0272615,0.001295,0.0117335,0.944127,0.007326,0.003796,0.00075,0.0037115
img_01673.jpg,0.676347,0.0016495,0.0081415,0.002472,0.277399,0.0218745,0.000866,0.011251
img_01681.jpg,0.3834285,0.0021995,0.002955,0.000397,0.0022135,0.00016,0.0011945,0.6074515
img_01684.jpg,0.9426785,0.009297,0.00193525,0.0057225,0.0041675,0.0292045,0.0014775,0.00551725
img_01685.jpg,0.33199,0.001325,0.070379,0.015401,0.35159,0.207833,0.01948,0.002002
img_01687.jpg,0.807375,0.013698,0.0011615,0.000667,0.001029,0.001376,0.0021305,0.1725625
img_01688.jpg,0.2324995,0.0294195,0.001416,0.0010675,0.0025155,0.137046,0.008385,0.587651
img_01689.jpg,0.000156,0.0076625,0.034799,0.0012995,0.0152805,0.335889,0.004802,0.600113
img_01716.jpg,0.0099335,0.0616245,0.0192375,0.0020075,0.4983955,0.0193405,0.000289,0.3891725
img_01717.jpg,0.792697,0.026958,0.000355,0.001181,0.164627,0.003622,0.000515,0.010046
img_01724.jpg,0.8708955,0.0073825,0.029401,0.0014685,0.011749,0.070802,0.0025945,0.005707
img_01745.jpg,0.821228,0.002945,0.151804,0.012083,0.007877,0.000872,0.002499,0.000693
img_01771.jpg,0.9451145,0.001015,0.003929,0.0037315,0.0011735,0.041147,0.0023765,0.0015115
img_01773.jpg,0.641844,0.014107,0.0022885,0.002461,0.000161,0.00489,0.067239,0.267009
img_01781.jpg,0.123526,0.006069,0.010471,0.05879,0.515694,0.282394,0.001716,0.001341
img_01782.jpg,0.005475,8.5e-05,0.000276,5.3e-05,0.990838,0.000387,0.00056,0.002327
img_01802.jpg,0.653146,0.0057155,0.0037005,0.0020565,0.2529265,0.0338365,0.0011065,0.047512
img_01803.jpg,0.0008845,0.0665815,0.761933,0.001905,0.0007375,0.0347645,0.0029615,0.1302315
img_01824.jpg,0.6793245,0.013291,8e-04,0.0033275,0.0006635,0.266382,0.006695,0.029517
img_01825.jpg,0.2393215,0.435668,0.270821,0.0021105,0.0196555,0.0110585,0.0008465,0.0205185
img_01831.jpg,0.5464295,0.002013,0.008168,0.245751,0.0015195,0.00491,0.000434,0.1907745
img_01834.jpg,0.2076485,0.012177,0.0827255,0.0048315,0.000867,0.046836,0.002559,0.6423565
img_01847.jpg,0.01431,0.087329,0.0017295,0.0011345,0.0006285,0.0519415,0.0011635,0.841765
img_01853.jpg,0.1073765,0.0058175,0.000766,0.0008295,0.001037,0.0018275,0.0018245,0.8805215
img_01856.jpg,0.992645,3.2e-05,2.4e-05,7e-06,0.000443,0.000335,3.5e-05,0.006479
img_01860.jpg,0.764933,0.116388333333333,0.0260396666666667,0.006231,0.063972,0.0113406666666667,0.010034,0.00106133333333333
img_01862.jpg,0.895387,0.001679,0.0123875,0.0012335,0.0199225,0.059337,0.0016895,0.008364
img_01874.jpg,0.5394045,0.0200485,0.000516,0.0026375,0.0389435,0.3249635,0.063576,0.00991
img_01888.jpg,0.064641,0.0793765,0.002414,0.012595,0.001793,0.8325415,0.003675,0.0029645
img_01918.jpg,0.157755,0.0226885,0.1484945,0.5850095,0.007175,0.006078,0.012023,0.0607765
img_01930.jpg,0.9726315,0.001937,0.016377,0.000608,0.002174,0.005127,0.0010515,9.4e-05
img_01932.jpg,0.558027,0.0420925,0.0055065,0.1113375,0.0089205,0.0151465,0.014411,0.2445585
img_01955.jpg,5e-06,4.2e-05,5.2e-05,2.5e-06,7.5e-06,3e-05,2.55e-05,0.9998355
img_01963.jpg,0.9950645,0.000533,0.0003215,0.000219,0.00054,0.001996,0.000151,0.0011755
img_01966.jpg,0.9311776,0.058673,0.000301,0.0007854,0.000157,0.001453,0.0020374,0.0054154
img_01976.jpg,0.981797,0.00046,8.55e-05,1e-04,0.0003925,0.000109,0.000134,0.0169225
img_01983.jpg,0.7982765,0.0053965,0.0091385,0.001288,0.1746665,0.003931,0.0001855,0.0071175
img_01984.jpg,0.25064,0.045456,0.00226033333333333,0.0167736666666667,0.00222466666666667,0.00543,0.000359333333333333,0.676856666666667
img_01995.jpg,0.0204935,0.163951,0.0583515,0.3394555,0.0372955,0.1983645,0.0063475,0.1757405
img_01996.jpg,0.341963,0.002009,0.000545,0.0008335,0.001977,0.618237,0.004349,0.030087
img_02001.jpg,0.4502865,0.0148005,0.001688,0.0046795,0.0937435,0.3713445,0.0545185,0.008939
img_02006.jpg,0.7066425,0.068671,0.0332035,0.071523,0.021274,0.0710625,0.003536,0.024088
img_02066.jpg,0.6336735,0.075358,0.029231,0.016829,0.1481105,0.0702075,0.0113845,0.0152065
img_02074.jpg,0.9596715,0.011971,0.002056,0.019339,0.0011835,0.00228,0.000387,0.0031125
img_02076.jpg,0.1306415,0.5674425,0.0101865,0.0019305,0.005125,0.000915,0.002765,0.2809945
img_02077.jpg,0.44518525,0.01444325,0.0456875,0.2518965,0.0067975,0.2002175,0.02844325,0.0073295
img_02078.jpg,0.259961,0.001371,0.630282,0.000862,0.100751,0.000638,0.000816,0.005319
img_02082.jpg,0.273643333333333,0.000268666666666667,0.0155136666666667,0.001516,0.238762666666667,0.276885333333333,0.0651016666666667,0.128308666666667
img_02083.jpg,0.4685845,0.0022005,0.003022,0.0004045,0.499584,0.0252455,0.0004115,0.000547
img_02096.jpg,0.999127,0.0001995,7.8e-05,1.25e-05,3.45e-05,6e-05,9.1e-05,0.0003975
img_02119.jpg,0.919157,0.0100795,0.0182745,0.002668,0.0023895,0.0351955,0.0005405,0.011696
img_02124.jpg,0.204713,0.0006465,9.6e-05,0.000173,0.000248,0.792599,0.001418,0.0001065
img_02135.jpg,0.129061666666667,0.033152,0.113894666666667,0.016888,0.460366,0.205661666666667,0.0329056666666667,0.00806966666666667
img_02146.jpg,0.9507545,0.0003395,0.002493,0.0002455,0.0437145,0.0018535,0.000375,0.000224
img_02159.jpg,0.4690245,0.0065355,0.0270455,0.017353,0.270835,0.2005125,0.0019635,0.0067315
img_02172.jpg,0.7263045,0.1379495,0.044598,0.0019795,0.007589,0.0649945,0.004631,0.0119545
img_02180.jpg,0.8277185,0.026066,0.00268,0.001152,0.0002335,0.112273,0.0020215,0.0278555
img_02188.jpg,0.2315085,0.0294795,0.0017345,0.0082415,0.0008725,0.0233425,0.3250785,0.3797415
img_02194.jpg,0.791794,0.0358365,0.0734115,0.0002355,0.0081805,0.000912,0.001091,0.0885385
img_02209.jpg,0.083406,0.002092,0.00033,0.000261,0.000296,0.911985,0.0015705,5.85e-05
img_02216.jpg,0.4814745,0.315093,0.0181935,0.0028975,0.0590505,0.01168,0.001165,0.110445
img_02231.jpg,0.4734445,0.000603,0.009984,0.476005,0.013911,0.0201005,0.003103,0.0028495
img_02235.jpg,0.051766,0.2163165,0.0133505,0.20813,0.0462905,0.3351,0.0087925,0.1202545
img_02252.jpg,0.929549,0.0014125,0.027774,0.000979,0.0312965,0.0041635,0.002001,0.002824
img_02268.jpg,0.829213,0.049546,0.0359405,0.0114665,0.010026,0.0238375,0.0032885,0.036683
img_02270.jpg,0.9316435,0.0086685,0.0053975,0.023589,0.0063805,0.012723,0.008441,0.0031565
img_02281.jpg,0.5464825,0.0098475,0.045233,0.1577685,0.1292305,0.044823,0.010863,0.055752
img_02282.jpg,4e-06,0.000293,0.000332,2.25e-05,1.85e-05,0.0002675,0.0003305,0.998731
img_02285.jpg,0.9533545,0.000505,0.0213845,0.0036795,0.0171135,0.001043,0.0021905,0.0007295
img_02291.jpg,0.9945695,0.0022335,0.00033,0.0001125,0.0006375,0.0005465,0.000415,0.0011545
img_02299.jpg,0.6631935,0.1164755,0.005611,0.0151985,0.001473,0.006491,0.003365,0.1881925
img_02305.jpg,0.055141,0.163945,0.0163805,0.4236095,0.0272025,0.1209755,0.004268,0.188478
img_02307.jpg,0.650951,0.102003,0.0007265,0.0036275,0.0014945,0.064481,0.008098,0.168619
img_02309.jpg,0.9999115,3.25e-05,2e-05,4e-06,1.25e-05,3e-06,1e-06,1.5e-05
img_02318.jpg,0.2616215,0.008523,0.0270175,0.0036115,0.005372,0.01085,0.0334585,0.6495465
img_02347.jpg,0.19699,0.005017,0.012529,0.005784,0.704747,0.012528,0.006505,0.055899
img_02356.jpg,0.020298,0.000324,8e-04,0.000857,0.083074,0.000789,0.000257,0.8936015
img_02367.jpg,0.940263333333333,0.00101833333333333,0.001155,0.000874666666666667,0.001334,0.000669,0.0223963333333333,0.0322893333333333
img_02372.jpg,0.0287225,0.004514,0.185144,0.0006585,0.5050195,0.27381,0.0003645,0.001766
img_02379.jpg,0.350967,0.0113925,0.0002125,4.45e-05,0.0009225,0.0001515,0.005179,0.63113
img_02384.jpg,0.6566585,0.00558,0.000881,0.005436,0.003424,0.0382525,0.207707,0.0820615
img_02398.jpg,0.848732,0.015085,0.000931,0.005534,0.005127,0.1076745,0.001531,0.015386
img_02400.jpg,0.94748,0.02339,0.000736,0.0005185,0.0007225,0.0260715,0.0002005,0.0008805
img_02406.jpg,0.169733333333333,0.00471433333333333,0.0375026666666667,0.704891,0.002679,0.0686146666666667,0.00783733333333333,0.00402833333333333
img_02412.jpg,0.582015,0.001715,0.000778,0.000209,0.0027205,0.0005365,0.0006525,0.411373
img_02416.jpg,0.099509,0.33685,0.020487,0.003678,0.115182,0.333561,0.067112,0.023622
img_02422.jpg,0.908612,0.0483855,0.0015455,0.0022345,0.0018895,0.0223075,0.010435,0.00459
img_02479.jpg,0.495405,0.002457,0.0013525,0.000231,0.4990305,0.000101,0.000115,0.001308
img_02486.jpg,0.504560666666667,0.275249333333333,0.0834366666666667,0.00953266666666667,0.00527833333333333,0.114570333333333,0.00551366666666667,0.001859
img_02487.jpg,0.720418,0.1114915,0.000367,0.000745,0.0009325,0.0050205,0.004931,0.1560945
img_02507.jpg,0.2506515,0.005686,0.3441375,0.0205435,0.2045515,0.1548125,0.01207,0.0075475
img_02522.jpg,0.8249725,0.073476,0.0020655,0.0060045,0.0103255,0.012616,0.001571,0.06897
img_02540.jpg,0.824419,0.013868,0.0427445,0.0060965,0.005553,0.0837975,0.002133,0.0213885
img_02546.jpg,0.1402675,0.074312,0.063471,0.0085505,0.2257435,0.2879895,0.0246005,0.1750655
img_02556.jpg,0.135855,0.0123725,0.000288,0.000969,0.000464,0.0032295,0.001036,0.845784
img_02560.jpg,0.502109,0.00058,0.000102,2e-04,0.4953955,0.000351,0.000324,0.0009395
img_02563.jpg,0.107217,0.0118755,0.121487,0.002656,0.609765,0.1447495,0.00098,0.00127
img_02565.jpg,0.9451095,0.0021615,0.0003735,0.0005165,0.0110985,0.031133,0.003874,0.005734
img_02573.jpg,0.6431715,0.159148,0.03056,0.0021595,0.0232025,0.1218475,0.009327,0.0105835
img_02574.jpg,0.1741375,0.054668,0.004783,0.0219855,0.0939165,0.077086,0.018858,0.5545655
img_02602.jpg,0.790085,0.0621535,0.006631,0.007594,0.055437,0.029045,0.0183675,0.0306865
img_02607.jpg,0.509955,0.0062325,0.0137805,0.0041055,0.156317,0.1795955,0.015525,0.1144885
img_02622.jpg,0.9213945,0.001927,0.001007,0.000453,0.003525,0.0629695,0.002987,0.005737
img_02625.jpg,0.1828575,0.0013185,0.0004025,0.000681,0.000703,0.7988755,0.0112675,0.0038955
img_02636.jpg,0.739186333333333,0.074794,0.014755,0.003045,0.0341883333333333,0.00235433333333333,0.00448433333333333,0.127193
img_02638.jpg,0.973596,0.0019235,0.0002355,0.0019195,0.0002265,0.0103035,0.000309,0.0114875
img_02641.jpg,0.957543,0.001549,0.002544,0.001671,0.004997,0.007589,0.000506,0.0236
img_02646.jpg,0.0001305,0.0057115,0.0266265,0.0004665,0.0008705,0.00132,0.0017855,0.963089
img_02648.jpg,0.0524505,0.003809,0.429874,0.0205715,0.0011595,0.081849,0.004366,0.4059205
img_02651.jpg,0.9776845,0.0023605,0.000343,0.000308,0.009159,0.0008395,4.1e-05,0.009264
img_02656.jpg,0.6907445,0.055545,0.0037105,0.0094495,0.0022945,0.1209235,0.0112875,0.1060445
img_02666.jpg,0.982011333333333,0.00946733333333333,0.000652,0.000112666666666667,0.000363333333333333,0.00513133333333333,0.000367,0.00189466666666667
img_02679.jpg,0.539469,0.209715,0.0137585,0.0033365,0.033132,0.0014805,0.009054,0.1900545
img_02687.jpg,0.1203435,0.0091345,0.0059115,0.0019595,0.0040415,0.014792,0.0211805,0.8226375
img_02699.jpg,0.867872,0.001698,0.003625,0.001284,0.030873,0.0041825,0.0420665,0.048399
img_02702.jpg,0.870948,0.005153,0.0823985,0.005063,0.006629,0.0074955,0.000405,0.0219075
img_02703.jpg,0.459567,0.000846,0.0136235,0.006029,0.015282,0.000162,0.014311,0.4901805
img_02709.jpg,0.8564105,0.039393,0.0605385,0.008541,0.0044485,0.01604,0.002676,0.0119525
img_02726.jpg,0.752005,0.0037415,0.0294625,0.004312,0.168854,0.0040015,0.000297,0.0373265
img_02733.jpg,0.8467245,0.0045525,0.0379185,0.040998,0.0140435,0.050326,0.0031435,0.002294
img_02734.jpg,0.772909,0.008738,0.0139885,0.0078915,0.001705,0.1328275,0.008302,0.0536395
img_02739.jpg,0.999796,2.45e-05,9e-06,8e-06,2.9e-05,9e-06,1.5e-06,0.0001225
img_02749.jpg,0.634144,0.002556,0.0168345,0.186977,0.0024495,0.0105415,0.0003535,0.1461435
img_02759.jpg,0.2455325,0.0167225,0.0286085,0.005186,0.0417555,0.004232,0.004783,0.65318
img_02764.jpg,0.996985,0.00102,0.000168,4.1e-05,0.000618,0.000171,3.35e-05,0.0009635
img_02766.jpg,0.951951,0.0022295,0.0035955,0.000469,0.001875,0.0122845,0.002501,0.0250945
img_02769.jpg,0.053308,0.010356,0.019203,0.003216,0.065546,0.0097205,0.0048575,0.833792
img_02771.jpg,0.916338,0.03064125,0.00225275,0.00264975,0.00024675,0.04600275,0.00040275,0.00146625
img_02789.jpg,0.435415,0.0016195,0.05424,0.00483,0.4638945,0.0070065,0.032935,5.85e-05
img_02799.jpg,0.998234,0.0003485,0.0002265,0.0001185,0.0009275,6.45e-05,6e-06,7.35e-05
img_02808.jpg,0.884996,0.03936125,0.0184705,0.02177075,0.00146875,0.023769,0.00149325,0.0086705
img_02811.jpg,0.74367,0.0004755,0.005943,0.006413,0.0111595,0.1727125,0.0004885,0.0591375
img_02830.jpg,0.2976415,0.177506,0.0139375,0.0238105,0.012408,0.291781,0.113295,0.069621
img_02834.jpg,0.7123725,0.014909,0.001037,0.0019675,0.001261,0.018827,0.042923,0.2067025
img_02837.jpg,0.632867,0.016121,0.0014115,0.018646,0.00992,0.002852,0.0003685,0.3178135
img_02838.jpg,0.842822,0.0706013333333333,0.05484,0.006282,0.00497233333333333,0.0177006666666667,0.000794,0.001988
img_02842.jpg,0.1117475,0.0010805,0.00014,0.0002445,0.0005475,0.8833915,0.002694,0.000155
img_02857.jpg,0.211383,0.013117,0.039696,0.005024,0.686648,0.005324,0.003793,0.035015
img_02865.jpg,0.054278,0.001035,0.002656,0.001442,0.571733,0.046345,0.006651,0.315859
img_02871.jpg,0.2693335,0.1473165,0.010555,0.040682,0.022839,0.3566145,0.0916715,0.0609885
img_02876.jpg,0.1851,0.0270935,0.2385995,0.0032885,0.0020315,0.002988,0.0020975,0.5388015
img_02889.jpg,0.90169,0.0221615,0.022624,0.009233,0.005883,0.0076835,0.0052465,0.025479
img_02890.jpg,0.7136225,0.0102205,0.0050075,0.0148545,0.0034,0.246968,0.001321,0.004606
img_02899.jpg,0.9402125,0.0027705,0.0022555,0.0349235,0.000964,0.0181585,0.000615,0.0001005
img_02904.jpg,0.705211,0.1245785,0.0231715,0.0070515,0.0094585,0.115827,0.01264,0.002061
img_02911.jpg,0.6003675,0.0034885,0.055105,0.250878,0.063072,0.0074585,0.0063335,0.0132965
img_02916.jpg,0.855904,0.001525,0.00524133333333333,0.00151233333333333,0.00222533333333333,0.127522333333333,0.00206533333333333,0.004005
img_02920.jpg,0.9426705,0.039979,0.0021155,0.000766,0.00038825,0.012216,0.000399,0.00146625
img_02943.jpg,0.960325,0.0006445,0.0094915,0.0016965,0.000442,0.0201355,0.001966,0.005299
img_02949.jpg,0.7214795,0.001907,0.202,0.0354185,0.0144185,0.0071765,0.0080435,0.009556
img_02954.jpg,0.2746455,0.038811,0.0206125,0.002274,0.4587,0.040173,0.15538,0.0094045
img_02956.jpg,0.817251333333333,0.0202273333333333,0.0114763333333333,0.000915333333333333,0.002657,0.000947,0.004855,0.141670333333333
img_02964.jpg,0.0023755,0.007926,0.0093855,0.000213,0.001177,0.0031895,0.0004345,0.975299
img_02974.jpg,0.995263,0.0009875,5.2e-05,7e-05,0.001887,0.000927,0.000122,0.0006905
img_02977.jpg,0.7022065,0.127811,0.00705,0.0103465,0.1351545,0.005631,0.0018695,0.009931
img_02993.jpg,0.164546,0.0008275,0.012086,0.001406,0.0012925,0.072864,0.0063605,0.7406165
img_03014.jpg,0.1286515,0.0257375,0.0027855,0.000646,0.503586,0.0178655,0.0001475,0.320581
img_03043.jpg,0.0002215,0.0176895,0.0657835,0.0021065,0.0116355,0.219444,0.055808,0.6273115
img_03055.jpg,0.921341,0.0581806666666667,0.000475333333333333,0.002669,0.000642666666666667,0.014181,0.000134,0.002376
img_03064.jpg,0.8410525,0.019718,0.009774,0.0035625,0.004567,0.011336,0.0852445,0.0247455
img_03069.jpg,0.2234485,0.036644,0.02392,0.5311705,0.0066805,0.021262,0.009965,0.146911
img_03074.jpg,0.990151333333333,0.00415133333333333,0.000450333333333333,0.000496333333333333,0.000277666666666667,0.00266,0.00100466666666667,0.000808666666666667
img_03078.jpg,0.741896,0.226448333333333,0.00570266666666667,0.008046,0.000182,0.0136816666666667,0.001672,0.00237133333333333
img_03080.jpg,0.9510095,0.0361065,0.001648,0.003575,0.0004355,0.0065985,0.0003645,0.000262
img_03082.jpg,0.7181215,0.270265,0.000653,0.0022435,0.000613,6.45e-05,0.0002495,0.0077895
img_03087.jpg,0.580131333333333,0.0160126666666667,0.0137813333333333,0.0335953333333333,0.322180666666667,0.027224,0.00648666666666667,0.000588333333333333
img_03116.jpg,0.4027385,0.0531325,0.0067485,0.0014875,0.3923845,0.0019925,0.0007645,0.1407515
img_03128.jpg,0.729144,0.023341,0.001074,0.000747,0.001594,0.0966315,0.0026485,0.14482
img_03135.jpg,0.0788805,0.040399,0.00041,0.000756,0.0006095,0.004159,0.0010215,0.8737645
img_03140.jpg,0.7624045,0.1102955,0.0044525,0.0076875,0.013364,0.026273,0.0129905,0.062532
img_03166.jpg,0.6659845,0.0065825,0.0032645,0.0018935,0.2045865,0.0774875,0.0012415,0.038959
img_03169.jpg,0.221468,0.1285465,0.57867,0.0042645,0.005934,0.0414605,0.0065315,0.013125
img_03181.jpg,0.846399,0.0304503333333333,0.00272533333333333,0.000739333333333333,0.00345133333333333,0.0550103333333333,0.00457133333333333,0.056654
img_03195.jpg,0.5663585,0.0306055,0.0009515,0.015737,0.007164,0.195466,0.15116,0.0325575
img_03199.jpg,0.959442,0.0197305,0.000458,0.000481,0.0004145,0.008896,0.008203,0.0023745
img_03210.jpg,0.0395775,0.008517,0.189794,0.004631,0.043265,0.1259635,0.004607,0.5836455
img_03220.jpg,0.883074,0.0263325,0.0018265,0.002071,0.0212175,0.0493435,0.012944,0.00319
img_03222.jpg,0.904269,0.0277145,0.0001075,0.000943,0.000932,0.0638525,0.0017875,0.0003945
img_03223.jpg,0.584451,0.058106,0.000831,0.002378,0.0122175,0.002843,0.0003415,0.3388315
img_03228.jpg,0.776099666666667,0.0199123333333333,0.00233233333333333,0.189124,0.000448,0.00571,0.00119033333333333,0.00518333333333333
img_03229.jpg,0.1639545,0.023558,0.0042675,0.0059235,0.004491,0.0582785,0.692658,0.046869
img_03231.jpg,0.444528,0.040668,0.112453,0.028712,0.104569,0.099674,0.010271,0.159124
img_03238.jpg,0.954986,0.004791,0.000322,0.000558,0.0077875,0.023934,0.001161,0.00646
img_03239.jpg,0.0004605,0.0354945,0.009017,0.0026775,0.00521,0.005314,0.938958,0.0028685
img_03252.jpg,0.944853,0.0039495,0.003376,0.0002245,0.0008015,0.043036,0.0010335,0.0027265
img_03254.jpg,0.1552875,0.0035245,0.0001005,0.0002195,0.0003585,0.8389315,0.0014335,0.0001445
img_03260.jpg,0.913969,0.0011625,0.0009085,0.0004475,0.00353,0.076978,0.000211,0.0027935
img_03261.jpg,0.756935,0.131356,0.064582,0.00843066666666667,0.013513,0.022556,0.00114966666666667,0.00147766666666667
img_03270.jpg,0.0502255,0.000426,0.0008455,0.0005375,0.1144655,0.0009005,0.0003075,0.8322925
img_03283.jpg,0.0014605,0.0018,0.0007725,0.0015325,7.3e-05,0.0001055,0.0010345,0.9932215
img_03290.jpg,0.0690665,0.0215855,0.001837,0.000459,0.001489,0.009307,0.0116305,0.8846255
img_03297.jpg,0.988289,0.001117,0.006349,0.001283,0.000278,0.001512,0.000648,0.000524
img_03310.jpg,0.616836,0.004367,0.000567,0.0036815,0.0115815,0.360514,0.0023,0.000153
img_03312.jpg,0.7503355,0.07067975,0.01884925,0.00379875,0.0002065,0.010609,0.00075575,0.1447655
img_03324.jpg,0.2140115,0.0049505,0.079679,0.002864,0.00043,0.054652,0.0031665,0.640245
img_03333.jpg,0.9471975,0.0012655,8.45e-05,0.00022,4.4e-05,0.048701,0.0016145,0.0008725
img_03342.jpg,0.659828,0.266065,0.000606,0.000847,0.0004635,0.037024,0.0005765,0.0345905
img_03346.jpg,0.972074,0.0083445,0.0014855,0.0014995,0.001932,0.0123525,0.000449,0.001862
img_03355.jpg,0.560819,0.006075,0.0005065,0.001632,0.00049,0.001234,0.065555,0.3636875
img_03361.jpg,0.446951,0.162351,0.0609893333333333,0.00582966666666667,0.00506833333333333,0.0187783333333333,0.008319,0.291713666666667
img_03370.jpg,0.968355,0.0027595,0.000578,5e-04,0.0003375,0.0141265,0.0001255,0.0132175
img_03399.jpg,0.3373815,0.162635,0.0026925,0.0013245,0.002878,0.490698,0.002267,0.000123
img_03410.jpg,0.4463995,0.0329425,0.0085225,0.001776,0.4592865,0.0095845,0.000616,0.040873
img_03422.jpg,0.891457333333333,0.0279756666666667,0.011366,0.0401293333333333,0.00227,0.0236313333333333,0.000890333333333333,0.00227966666666667
img_03426.jpg,0.920748,0.012402,0.011698,0.001831,0.0017255,0.0112725,0.0042455,0.0360775
img_03439.jpg,0.587838,0.0018965,0.016318,0.2300525,0.0055915,0.020926,0.0003665,0.137011
img_03440.jpg,0.05152,0.0123185,0.042179,0.0010035,0.000651,0.005463,0.001175,0.88569
