image,ALB,BET,DOL,LAG,NoF,OTHER,SHARK,YFT
img_00005.jpg,0.000187,0,0.000166,2.4e-05,0.996747,0.000122,0.002752,2e-06
img_00007.jpg,0.036269,0.011175,0.0244375,0.0187945,0.0009105,0.0014745,0.003582,0.903357
img_00009.jpg,0.768726333333333,0.134284,0.020527,0.0103046666666667,0.00189966666666667,0.0590476666666667,0.001172,0.004038
img_00018.jpg,0.566547,0.054899,0.0334533333333333,0.0128683333333333,0.001788,0.323219333333333,0.00132866666666667,0.00589633333333333
img_00027.jpg,0.50547,0.2029155,0.0014285,0.002614,0.0033635,0.248244,0.0023025,0.0336625
img_00030.jpg,0.1045165,0.006574,0.023352,0.0059145,0.2705075,0.4093485,0.166303,0.013485
img_00040.jpg,0.134261,0.021672,0.009073,0.003064,0.0054935,0.2605115,0.4853615,0.0805625
img_00046.jpg,0.728799,0.0004665,0.002764,0.0001845,0.204309,0.057054,0.0026755,0.003747
img_00053.jpg,0.7396715,0.033154,0.0438095,0.005739,0.018422,0.1144385,0.0115405,0.0332255
img_00071.jpg,0.121114333333333,0.00629,0.006216,0.609819,0.012131,0.235912666666667,0.00145266666666667,0.00706433333333333
img_00075.jpg,0.642796,0.0180145,0.0003415,0.000659,0.005616,0.330535,0.0017475,0.0002915
img_00102.jpg,0.084518,0.098601,0.0102715,0.002173,0.0017705,0.126913,0.0027745,0.6729785
img_00103.jpg,0.965710333333333,0.0138316666666667,0.000540333333333333,0.000671,0.000400666666666667,0.009908,0.000353666666666667,0.00858466666666667
img_00109.jpg,0.993166,4.35e-05,0.000465,7.7e-05,0.0020295,0.0036525,0.0002695,0.000297
img_00119.jpg,0.0097045,0.000318,0.0051425,0.0014995,0.2311395,0.517759,0.0043175,0.2301195
img_00120.jpg,0.58441,0.0173765,0.0005255,0.0017565,0.0002745,0.0016745,0.078039,0.3159435
img_00125.jpg,0.694638333333333,0.00703733333333333,0.00538166666666667,0.00405233333333333,0.00073,0.028698,0.0116046666666667,0.247857333333333
img_00128.jpg,0.0063105,0.058272,0.56985,0.0019165,0.0041305,0.005004,0.000906,0.353611
img_00129.jpg,0.17778,0.0149925,0.01082,0.00466,0.0049045,0.1718675,0.5472135,0.067762
img_00133.jpg,0.46445,0.0024395,0.0133125,0.003304,0.4612135,0.0526705,0.002334,0.000276
img_00138.jpg,0.840675,0.071008,0.013069,0.0023925,0.008333,0.0094885,0.002842,0.052192
img_00141.jpg,7.3e-05,0.000247,0.0022685,4.8e-05,2.6e-05,5.45e-05,0.001121,0.9961635
img_00152.jpg,0.0001035,0.001905,0.021233,0.001218,0.0005005,0.042658,0.0691475,0.8632345
img_00161.jpg,0.0001445,5.35e-05,0.0012855,1.8e-05,4.45e-05,0.000163,0.000134,0.9981565
img_00164.jpg,0.4589035,0.000424,0.013154,0.0019685,0.4753515,0.000428,8.05e-05,0.04969
img_00170.jpg,0.605213,0.00275,0.0287915,0.210155,0.005577,0.017066,0.000582,0.129866
img_00171.jpg,0.776223666666667,0.003297,0.0109056666666667,0.0223123333333333,0.002875,0.173190666666667,0.00340266666666667,0.007794
img_00172.jpg,0.000679,4e-06,0.00028,4.6e-05,0.998467,8.2e-05,0.000409,3.3e-05
img_00175.jpg,0.7936635,0.003371,0.0037755,0.018603,0.005867,0.170236,0.002592,0.0018915
img_00180.jpg,0.0153385,0.0001535,0.000582,0.0003575,0.0547075,0.0001835,0.000279,0.928399
img_00196.jpg,0.199068,0.000598,0.003917,0.002163,0.442449,0.021231,0.00839,0.322185
img_00212.jpg,0.2185445,0.04345,0.0052475,0.0951615,0.000853,0.001062,0.0007105,0.634971
img_00223.jpg,0.9116775,0.0174145,0.0132805,0.001948,0.0007595,0.0408435,0.0006225,0.013453
img_00230.jpg,0.712096666666667,0.271799,0.00418366666666667,0.001348,0.000646,0.00653433333333333,0.000612,0.002781
img_00232.jpg,0.0008185,0.014323,0.010613,0.0030815,0.004688,0.003461,0.958832,0.004183
img_00244.jpg,0.518797,0.161068,0.001256,0.002461,0.002761,0.087112,0.006267,0.2202785
img_00272.jpg,0.813238,0.02664,0.115744,0.023264,0.000878,0.010589,0.0011525,0.0084945
img_00280.jpg,0.67975325,0.0134385,0.0553005,0.00177325,0.19917975,0.02507375,0.00127325,0.024208
img_00282.jpg,0.693079,0.003474,0.007903,0.0412175,0.0044605,0.2412485,0.003914,0.004703
img_00285.jpg,0.723113,0.082113,0.0022915,0.001963,0.000718,0.0918065,0.0747705,0.023225
img_00289.jpg,0.792556666666667,0.073932,0.0245143333333333,0.00149666666666667,0.0821303333333333,0.00281066666666667,0.000145333333333333,0.022414
img_00292.jpg,0.6116635,0.1874565,0.000353,0.0012865,0.001987,0.068505,0.0028625,0.125886
img_00302.jpg,0.1223975,0.0196185,0.0076915,0.0036965,0.0041815,0.160144,0.604449,0.077822
img_00311.jpg,0.998539,9.2e-05,0.000152,8.65e-05,0.0001455,2.95e-05,5e-06,0.0009515
img_00320.jpg,0.99532,0.0008255,0.0007105,8e-05,0.0003635,0.001194,0.000775,0.000731
img_00331.jpg,0.516974666666667,0.070136,0.004189,0.012997,0.0162293333333333,0.127719,0.199131,0.0526236666666667
img_00358.jpg,0.055313,0.461307,0.0041035,0.0103475,0.002569,0.226509,0.0478515,0.191999
img_00374.jpg,0.496837,0.0808393333333333,0.00819533333333333,0.000844666666666667,0.000447,0.00269366666666667,0.000489666666666667,0.409653666666667
img_00375.jpg,0.293623,0.032393,0.2233515,0.0310665,0.0860955,0.329238,0.0025525,0.0016795
img_00376.jpg,0.9266395,0.0188065,0.00574,0.0030755,0.0054715,0.005082,0.0279585,0.0072265
img_00380.jpg,0.9728595,0.0003795,0.0236795,0.0006885,0.001289,0.00067,0.000358,7.6e-05
img_00383.jpg,0.994975,0.0006725,0.000371,0.0001785,0.0031905,0.000166,1.3e-05,0.0004335
img_00398.jpg,0.876199,0.0167805,0.001635,0.0016405,0.056309,0.012812,0.0225105,0.012114
img_00407.jpg,0.874262333333333,0.026249,0.0147706666666667,0.0401153333333333,0.00213033333333333,0.035928,0.00120233333333333,0.00534233333333333
img_00417.jpg,0.063374,0.0283395,0.001827,0.028424,0.0003505,0.0001495,0.0007975,0.8767385
img_00432.jpg,0.8557135,0.0025965,0.0288475,0.004301,0.0280855,0.063959,0.003197,0.013299
img_00442.jpg,5e-06,0.000108,0.000395,1.4e-05,5.5e-06,5.5e-05,2.6e-05,0.9993915
img_00446.jpg,0.8825815,0.0148275,0.0009415,0.0048235,0.032153,0.0234035,0.0186905,0.0225795
img_00469.jpg,0.59849,0.0166265,0.0034665,0.05325,0.006504,0.013763,0.012151,0.295749
img_00473.jpg,0.8592295,0.003369,0.001083,0.0002595,0.009383,0.004026,0.000142,0.122509
img_00483.jpg,0.828348,0.071779,0.000638,0.0005495,0.000627,0.0058455,0.000788,0.091425
img_00484.jpg,0.1348095,0.017251,0.0031645,0.002966,0.0076135,0.0023425,0.0201535,0.811699
img_00486.jpg,0.6150145,0.124798,0.1545355,0.083989,0.0007895,0.0125405,0.007737,0.000597
img_00487.jpg,0.0711475,0.0128735,0.0709775,0.017003,0.647004,0.1341945,0.00131,0.04549
img_00493.jpg,0.241586,0.012111,0.186033,0.0473085,0.1763185,0.2151005,0.0930405,0.0285005
img_00518.jpg,0.8843435,0.000378,0.0984145,0.0003765,0.0080815,0.0020695,0.0017665,0.00457
img_00533.jpg,0.093726,0.1938925,0.021242,0.0105105,0.0010355,0.1639435,0.2247005,0.29095
img_00538.jpg,0.873830666666667,0.0251443333333333,0.001765,0.00573866666666667,0.000950666666666667,0.031522,0.003946,0.0571033333333333
img_00543.jpg,0.999407,0.0001285,6.25e-05,8.75e-05,6.95e-05,1.7e-05,3.5e-06,0.000224
img_00550.jpg,0.517519,0.01059,0.1052195,0.008912,0.0304675,0.309703,0.0060085,0.0115805
img_00551.jpg,0.749328,0.0010355,0.00204,0.0032245,0.0058555,0.063657,0.0014095,0.1734495
img_00564.jpg,0.1573865,0.1006565,0.0473715,0.0039895,0.5185005,0.1185615,0.0015435,0.0519905
img_00575.jpg,0.762613,0.0076565,0.0008255,0.003479,0.0028525,0.0178175,0.103987,0.100769
img_00582.jpg,0.546685666666667,0.052479,0.0779443333333333,0.00751733333333333,0.00609866666666667,0.262414,0.0245713333333333,0.0222896666666667
img_00584.jpg,0.5727705,0.0032925,0.047695,0.002813,0.3081285,0.04459,0.001798,0.018911
img_00587.jpg,0.30864,0.2313515,0.002055,0.0144715,0.0014805,0.1182115,0.000764,0.323026
img_00590.jpg,0.0327355,0.051426,0.0007215,0.001233,0.000988,0.0010705,0.0008935,0.9109315
img_00591.jpg,0.04632,0.020726,0.0023085,0.000625,0.002041,0.017553,0.009209,0.9012175
img_00598.jpg,0.803517333333333,0.0309933333333333,0.00777866666666667,0.0299296666666667,0.000847333333333333,0.059379,0.019351,0.048204
img_00599.jpg,0.8841805,0.024136,0.0040345,0.0035555,0.0017025,0.0073935,0.0530665,0.0219315
img_00612.jpg,0.798839,0.070725,0.0006115,0.007096,0.000421,0.060603,0.014143,0.0475605
img_00618.jpg,0.946095,0.0031135,0.0019265,0.006178,0.030346,0.002036,5.2e-05,0.010253
img_00620.jpg,0.953303,0.007311,0.0134215,0.003459,0.0047895,0.0128035,0.001898,0.0030145
img_00642.jpg,0.498705,0.003357,0.024251,0.460684,0.0082575,0.001175,0.000447,0.003123
img_00646.jpg,0.005761,0.0368235,0.053932,0.0028555,0.0016715,0.0038795,0.005816,0.88926
img_00648.jpg,0.99778,0.0001035,4.9e-05,6.7e-05,8.8e-05,3.95e-05,3.5e-06,0.001871
img_00650.jpg,0.478245,0.005212,0.0019525,0.0035295,0.004862,0.305623,0.0901415,0.110434
img_00654.jpg,0.656655,0.015296,0.059198,0.0072215,0.144311,0.1123095,0.0027275,0.0022815
img_00664.jpg,0.9724095,0.001182,0.0045905,0.000528,0.009315,0.006857,0.002175,0.002944
img_00667.jpg,0.05343,0.00066,0.003189,0.002405,0.433272,0.045846,0.011876,0.449322
img_00676.jpg,0.048995,0.000597,0.003454,0.001095,0.446314,0.038825,0.004032,0.456688
img_00697.jpg,0.000268,0.000453,0.023207,0.0001735,0.000142,0.000575,0.0004375,0.974743
img_00708.jpg,0.584658,0.0437955,0.005205,0.0075165,0.0092055,0.161032,0.0985435,0.0900435
img_00716.jpg,0.2597855,0.176517,0.0203815,0.0233685,0.0539315,0.2627825,0.097143,0.1060905
img_00717.jpg,0.6302095,0.0768375,0.0029595,0.0018735,0.00124,0.2688705,0.0101825,0.0078265
img_00718.jpg,0.94993,0.0015035,0.0007745,0.0010155,0.002292,0.03515,0.000643,0.008691
img_00723.jpg,0.61675,0.04217,0.000704,0.002804,0.307589,0.011327,0.001996,0.016659
img_00724.jpg,0.1288995,0.001592,0.0391435,0.0025995,0.0164,0.0033295,0.215247,0.5927895
img_00726.jpg,0.9951285,0.0002425,7.4e-05,5.65e-05,0.0015525,0.000235,0.0025235,0.0001875
img_00729.jpg,0.915275,0.000378,0.002709,0.000649,0.074416,0.003977,0.002543,5.3e-05
img_00730.jpg,0.0521905,0.070788,0.000575,0.0010505,0.00019,0.0018135,0.002796,0.870597
img_00757.jpg,0.883752,0.021238,0.0317535,0.0310285,0.0037925,0.018045,0.003182,0.007209
img_00760.jpg,0.244831666666667,0.004895,0.056194,0.665468666666667,0.014588,0.00785566666666667,0.001993,0.00417466666666667
img_00763.jpg,0.496476,0.0007095,0.0013045,0.00019,0.368988,0.000718,6.75e-05,0.131546
img_00764.jpg,0.001647,0.001736,0.012231,0.0003375,0.0293445,0.000428,9.8e-05,0.9541775
img_00765.jpg,0.043754,0.0429335,0.0019045,0.0136315,0.001569,0.8612555,0.003143,0.0318085
img_00772.jpg,0.034651,0.006257,0.466752,0.001622,0.001143,0.002515,0.000582,0.486478
img_00773.jpg,0.8540605,0.0325765,0.0782735,0.0077345,0.00098,0.025335,0.0007475,0.0002925
img_00777.jpg,0.316095,0.0475685,0.00131,0.001708,0.002699,0.6284605,0.0021445,1.55e-05
img_00780.jpg,0.0258255,0.0103345,0.0711805,0.0020805,0.0043875,0.073118,0.0092805,0.803792
img_00798.jpg,0.878643,0.0321775,0.0035875,0.0035515,0.000812,0.0451155,0.008316,0.0277965
img_00808.jpg,0.941235666666667,0.0257953333333333,0.00338266666666667,0.006026,0.000146333333333333,0.0210163333333333,0.00114766666666667,0.00124966666666667
img_00816.jpg,0.9447145,0.0432885,0.0029095,8.1e-05,0.001223,0.0001965,5.35e-05,0.0075335
img_00828.jpg,0.119815,0.033697,0.010695,0.0012335,0.5004825,0.021086,0.0001535,0.3128375
img_00833.jpg,0.464351,0.087502,0.0028395,0.0114775,0.013801,0.217348,0.104007,0.098674
img_00837.jpg,0.970169,0.0123955,0.0003315,0.0011275,0.006025,0.008412,0.0001655,0.0013745
img_00855.jpg,0.7068935,0.0034295,0.0055035,0.00976,0.002353,0.001808,0.00108,0.2691725
img_00857.jpg,0.97689,0.0163765,0.000925,0.0001885,0.000649,0.003513,0.0007005,0.0007575
img_00858.jpg,0.8881725,0.001573,0.005417,0.0009345,0.0032015,0.067003,0.029218,0.0044805
img_00865.jpg,0.966637,0.0145416666666667,0.00106766666666667,0.00475233333333333,0.000258666666666667,0.006211,0.00143766666666667,0.005094
img_00876.jpg,0.008795,0.000448,0.002237,0.001546,0.563082,0.048417,0.003541,0.371934
img_00889.jpg,0.065425,0.017528,0.353686,0.004588,0.0378385,0.0241315,0.006422,0.4903815
img_00894.jpg,0.887034,0.0082285,0.02775175,0.02745775,0.0219345,0.00498425,0.00613075,0.01647775
img_00902.jpg,0.001463,0.020334,0.00849,0.0025,0.0075635,0.004601,0.949817,0.005232
img_00914.jpg,0.000216,0.000357,0.015353,0.0001645,0.001984,0.001144,0.000237,0.9805445
img_00921.jpg,0.743309,0.0008715,0.000792,0.0012015,0.0551385,0.1513525,0.0196735,0.027661
img_00927.jpg,0.101815,0.01011,0.0006495,0.001078,0.001194,0.0027925,0.0039935,0.8783665
img_00943.jpg,0.793041,0.0813645,0.000481,0.0005115,0.0048315,0.0073605,0.002365,0.110045
img_00948.jpg,0.783976,0.0009325,0.024013,0.012062,0.120908,0.014533,0.012818,0.0307575
img_00950.jpg,0.51302,0.0008175,0.001361,0.0003725,0.475962,0.0042485,0.000154,0.004064
img_00959.jpg,0.977171,0.000219,6.25e-05,6.7e-05,0.0122625,0.0089455,0.0006615,0.0006105
img_00962.jpg,0.0041335,0.007674,0.1444675,0.000835,0.000717,0.0022625,0.0001715,0.839739
img_00964.jpg,0.00106,0.0351445,0.920402,0.00166,0.00043,0.027444,0.0011525,0.0127075
img_00966.jpg,0.660178,0.043152,0.000375,0.000663,0.257421,0.016455,0.00601,0.015747
img_00974.jpg,0.673567,0.0583133333333333,0.0341976666666667,0.00881133333333333,0.003231,0.0665023333333333,0.007992,0.147385666666667
img_00979.jpg,0.2997305,0.002007,0.172669,0.0030645,0.000325,0.0039905,0.0013565,0.516858
img_00982.jpg,0.5039625,0.216253,0.0157465,0.0053725,0.0361195,0.17979,0.0150805,0.0276765
img_00985.jpg,0.5929615,0.2293485,0.000543,0.001696,0.001087,0.0740855,0.0068385,0.0934395
img_00999.jpg,0.9821795,0.0055015,0.000245,0.000279,2e-04,0.0055775,0.000656,0.005362
img_01022.jpg,0.771296,0.003253,0.0089865,0.0781605,0.061876,0.065317,0.0051975,0.005913
img_01031.jpg,0.937564666666667,0.00499833333333333,0.00311333333333333,0.000801,0.00176933333333333,0.046383,0.00300433333333333,0.00236666666666667
img_01035.jpg,0.453755,0.015713,0.0005415,0.000633,0.0020535,0.526351,0.0009255,2.75e-05
img_01043.jpg,0.630583666666667,0.0195653333333333,0.00175133333333333,0.00304833333333333,0.325778666666667,0.0150406666666667,0.00409633333333333,0.000135333333333333
img_01058.jpg,0.872077,0.005197,0.002535,0.000714,0.01042,0.000981,0.006457,0.101618
img_01059.jpg,0.2628125,0.0055795,0.0006205,0.00062,0.000349,0.2039315,0.004222,0.521865
img_01090.jpg,0.6107895,0.0024505,0.1501425,0.0016225,0.214598,0.0022875,0.004671,0.01344
img_01102.jpg,0.4751,0.0639345,0.0103475,0.013029,0.001006,0.0006115,0.0139955,0.421975
img_01103.jpg,0.865281,0.0253305,0.01571,0.0061875,0.0008255,0.002649,0.029154,0.0548625
img_01116.jpg,0.882671,0.067823,0.0082385,0.004737,0.000496,0.010241,0.00417,0.0216235
img_01134.jpg,0.8332265,0.0029765,0.001911,0.0019465,0.0019005,0.1030675,0.0024855,0.0524865
img_01142.jpg,0.5830415,0.0177255,0.0104595,0.005659,0.0047335,0.358444,0.0040405,0.0158975
img_01168.jpg,0.0525285,0.07085,0.0014625,0.033111,0.008581,0.824597,0.0081235,0.000747
img_01171.jpg,0.000249,0.00018,0.001272,0.000294,0.81606,0.000176,0.000116,0.181653
img_01177.jpg,0.708494,0.014424,0.037661,0.025352,0.161804,0.040835,0.003115,0.008316
img_01179.jpg,0.803338,0.000844,0.0016665,0.006217,0.0631155,0.1194625,0.001433,0.0039245
img_01188.jpg,0.0595985,0.025661,0.002187,0.0087075,0.001472,0.875958,0.002719,0.0236965
img_01198.jpg,0.5115535,0.04174,0.0123195,0.002988,0.3972905,0.0143,0.0017305,0.018079
img_01204.jpg,0.026388,0.0016025,0.0104665,0.001649,0.1831515,0.503855,0.0069715,0.2659155
img_01208.jpg,0.001522,1e-05,0.000388,4e-05,0.995461,3.6e-05,6.9e-05,0.002474
img_01211.jpg,0.9983935,0.000312,1.55e-05,2.55e-05,0.0007205,5.2e-05,1.75e-05,0.000464
img_01213.jpg,0.829835333333333,0.115488666666667,0.00104933333333333,0.00948766666666667,0.00450766666666667,0.022351,0.00392833333333333,0.0133513333333333
img_01222.jpg,0.4864225,0.2216835,0.009643,0.0764645,0.0015735,0.030818,0.0053075,0.168088
img_01224.jpg,0.3082965,0.009584,0.053349,0.0026935,0.000557,0.03268,0.001599,0.591241
img_01237.jpg,0.481583,0.000212,0.0006385,0.000387,0.464601,0.0039925,0.002464,0.046121
img_01249.jpg,0.3656695,0.0037305,0.023806,0.0115775,0.495072,0.0773915,0.0174595,0.0052935
img_01253.jpg,9.5e-06,3.35e-05,0.0005595,5.5e-06,1e-05,3.8e-05,1e-05,0.9993345
img_01286.jpg,0.0863175,0.009865,0.037163,0.0080135,0.1615995,0.095378,0.010811,0.590852
img_01289.jpg,0.2899615,0.0299405,0.002457,0.000754,0.001587,0.1123525,0.0044335,0.5585135
img_01325.jpg,0.079208,0.039129,0.035478,0.007155,0.735918,0.001241,0.008671,0.093201
img_01328.jpg,0.852359333333333,0.092263,0.00151733333333333,0.008219,0.008403,0.0308033333333333,0.002776,0.00365866666666667
img_01366.jpg,0.805486,0.0023995,0.004617,0.0152275,0.0034635,0.1661685,0.0014625,0.001176
img_01371.jpg,0.916165,0.016495,0.005216,0.0019405,0.0296535,0.009609,0.001845,0.0190765
img_01373.jpg,0.482066,0.0180235,0.1027555,0.0127745,0.1302945,0.2462685,0.0029035,0.004913
img_01377.jpg,0.373418,0.0472465,0.088646,0.0113885,0.324786,0.135254,0.001563,0.017699
img_01379.jpg,0.927808,0.004712,0.0038355,0.001701,0.0060755,0.051984,0.000878,0.0030065
img_01384.jpg,0.5854245,0.006358,0.0499315,0.0076795,0.068466,0.272422,0.003098,0.0066205
img_01388.jpg,0.7782405,0.0136715,0.0008865,0.000221,0.0019355,0.1768765,0.00095,0.027219
img_01392.jpg,0.001943,0.1772165,0.6420215,0.0029165,0.0027605,0.0284405,0.002078,0.1426235
img_01399.jpg,0.0465705,0.7812735,0.0424085,0.003153,0.0051035,0.0448485,0.0027455,0.073896
img_01404.jpg,0.951118,0.00310533333333333,0.003888,0.01555,0.000279333333333333,0.0144553333333333,0.000597,0.011007
img_01405.jpg,0.773384,0.00431833333333333,0.00159166666666667,0.000752,0.00122066666666667,0.214073666666667,0.002395,0.002265
img_01413.jpg,0.963302,0.001036,0.00083,0.006296,0.021704,0.0060055,0.0004315,0.000395
img_01426.jpg,0.3967335,0.475192,0.003333,0.000565,0.0007805,0.0679115,0.026796,0.028689
img_01431.jpg,0.185798333333333,0.0215586666666667,0.103767,0.638376333333333,0.00527166666666667,0.041531,0.002294,0.00140233333333333
img_01441.jpg,0.000286,0.0006235,0.005571,0.000122,0.0001725,0.002355,0.008637,0.9822335
img_01444.jpg,0.386629,0.053647,0.0017275,0.0026745,0.001024,0.087408,0.012151,0.454739
img_01490.jpg,0.0033035,0.001812,0.1862055,0.0013385,0.00046,0.0043415,0.000208,0.802331
img_01495.jpg,0.7122315,0.171066,0.051723,0.0082095,0.002058,0.008467,0.0022825,0.043962
img_01505.jpg,0.0276765,0.0343235,0.006182,0.0013305,0.1959535,0.417315,0.0032095,0.31401
img_01511.jpg,0.7860515,0.1674775,0.0147375,0.0029595,0.0031025,0.0164825,0.0011145,0.008074
img_01519.jpg,0.2976295,0.153757,0.0074145,0.037798,0.004787,0.1922615,0.291956,0.014397
img_01530.jpg,0.893082,0.00334466666666667,0.006237,0.0150916666666667,0.0706326666666667,0.009039,0.001384,0.001189
img_01537.jpg,0.8117675,0.0393665,0.027868,0.0015185,0.008729,0.066029,0.006154,0.0385665
img_01538.jpg,0.713113,0.0096785,0.0093345,0.0068715,0.001936,0.1817475,0.066882,0.0104375
img_01541.jpg,0.1387905,0.0422895,0.0074855,0.0008155,0.499622,0.0346005,0.0003285,0.276068
img_01543.jpg,0.958346,0.0017805,0.0008465,0.0003395,0.0017815,0.0004905,0.000325,0.0360905
img_01548.jpg,0.996855,0.000880666666666667,0.000192,0.000101,0.000434333333333333,0.000755333333333333,0.000272,0.000509333333333333
img_01552.jpg,0.9954785,0.0002485,0.00115,0.00011,0.000307,0.001523,0.0007305,0.000452
img_01561.jpg,0.000718,1.6e-05,0.000666,5e-05,0.9976,0.000255,3.7e-05,0.000658
img_01562.jpg,0.532044,0.0065835,0.0003865,0.0011575,0.000177,0.001525,0.0719395,0.386186
img_01571.jpg,0.9578615,0.0390055,0.0001355,0.000101,0.0019245,0.000102,0.000188,0.0006825
img_01593.jpg,0.497394,0.2486845,0.004068,0.007371,0.00575,0.035967,0.0127705,0.1879955
img_01595.jpg,0.000243,0.000478,0.003247,0.000264,0.98598,0.000699,0.001955,0.007133
img_01616.jpg,0.9827245,0.001378,0.00063,0.000123,0.00089,0.0056905,0.00818,0.0003845
img_01618.jpg,0.9676335,0.0030855,0.0004965,0.001077,0.0030445,0.019326,0.0031995,0.0021375
img_01627.jpg,0.8981834,0.0819198,0.0011792,0.0009552,0.0002902,0.014621,0.0008138,0.0020374
img_01632.jpg,0.973761,0.003199,0.00314,0.000112,0.015671,0.000929,0.000172,0.003017
img_01633.jpg,0.63586,0.019406,0.0006055,0.0029305,0.00071,0.314114,0.005418,0.0209555
img_01640.jpg,0.9989435,5.45e-05,6.65e-05,8.8e-05,5.75e-05,2.15e-05,3.5e-06,0.0007645
img_01646.jpg,0.909233,0.0707266666666667,0.00076,0.00158866666666667,0.000643666666666667,0.00603133333333333,0.00636566666666667,0.004651
img_01647.jpg,0.650012,0.002829,0.1466545,0.000706,0.161436,0.0146985,0.0018585,0.021806
img_01649.jpg,0.785501666666667,0.0188713333333333,0.0497253333333333,0.0216546666666667,0.006973,0.0454436666666667,0.0138646666666667,0.0579653333333333
img_01657.jpg,0.0001075,0.0004935,0.658301,0.000337,0.0015035,7.95e-05,0.0002445,0.338933
img_01669.jpg,0.030598,0.001192,0.013399,0.9414745,0.00763,0.0038385,0.0006585,0.00121
img_01673.jpg,0.7165215,0.001664,0.007088,0.001883,0.2376675,0.0249235,0.000634,0.009619
img_01681.jpg,0.393147,0.0063245,0.0045485,0.0004425,0.0028135,0.000599,0.0010885,0.5910365
img_01684.jpg,0.93848975,0.0098135,0.0008525,0.00388,0.00115575,0.035642,0.00091725,0.00925
img_01685.jpg,0.506181,0.003448,0.083068,0.011016,0.183563,0.188681,0.010708,0.013336
img_01687.jpg,0.750666,0.013891,0.000886,0.0005105,0.000925,0.0014555,0.001332,0.2303345
img_01688.jpg,0.2893465,0.0210125,0.0013595,0.001075,0.002047,0.1411495,0.0063215,0.537688
img_01689.jpg,0.0001455,0.0057415,0.0352445,0.001182,0.014323,0.3226445,0.006852,0.6138675
img_01716.jpg,0.0951835,0.048878,0.0089815,0.0019055,0.500119,0.0396875,0.000304,0.3049415
img_01717.jpg,0.749304,0.024107,0.000363,0.001642,0.204253,0.007221,0.001633,0.011476
img_01724.jpg,0.8884515,0.007321,0.016061,0.0014235,0.0130345,0.0633195,0.0029695,0.00742
img_01745.jpg,0.870322,0.000956,0.103667,0.010747,0.005502,0.006939,0.001024,0.000842
img_01771.jpg,0.9585545,0.0010755,0.0051055,0.003918,0.0003495,0.0255745,0.0029155,0.0025085
img_01773.jpg,0.611189,0.0153935,0.0005935,0.002003,0.0003165,0.0033975,0.0712505,0.295856
img_01781.jpg,0.12256,0.010375,0.008146,0.059929,0.483458,0.312609,0.001603,0.001321
img_01782.jpg,0.007613,0.000113,0.000809,7.9e-05,0.981726,7e-04,0.000738,0.008223
img_01802.jpg,0.668126,0.007285,0.003488,0.001674,0.2172615,0.0539265,0.000952,0.047286
img_01803.jpg,0.0022035,0.0712255,0.779547,0.001554,0.000854,0.0275515,0.0013095,0.115754
img_01824.jpg,0.6866665,0.0180235,0.000814,0.00351,0.000677,0.2533115,0.007112,0.029886
img_01825.jpg,0.2882295,0.381811,0.2478205,0.002014,0.041784,0.008129,0.001144,0.029068
img_01831.jpg,0.5715785,0.0036575,0.0237065,0.227939,0.003473,0.014026,0.0006065,0.1550125
img_01834.jpg,0.2343105,0.011401,0.087816,0.0040565,0.0010055,0.039871,0.0029165,0.618623
img_01847.jpg,0.0247175,0.072098,0.003123,0.0015415,0.0013,0.0465765,0.0015385,0.8491055
img_01853.jpg,0.129514,0.0198665,0.0015575,0.00226,0.0021495,0.0058115,0.0095315,0.8293095
img_01856.jpg,0.985601,4.9e-05,0.000108,1.6e-05,0.000541,0.001913,0.00011,0.011661
img_01860.jpg,0.698643,0.193483,0.0260786666666667,0.00633,0.0441056666666667,0.0211216666666667,0.00817233333333333,0.00206533333333333
img_01862.jpg,0.9041695,0.002487,0.0161425,0.0008875,0.0090335,0.0589745,0.0012855,0.00702
img_01874.jpg,0.5491725,0.043458,0.0005795,0.0027285,0.0302605,0.308051,0.0535235,0.012227
img_01888.jpg,0.0661075,0.0417465,0.0027965,0.01661,0.002346,0.858002,0.0040915,0.008301
img_01918.jpg,0.1541,0.0119325,0.1310305,0.6079865,0.0075325,0.009019,0.011678,0.0667205
img_01930.jpg,0.961111,0.0022245,0.031062,0.000823,0.001193,0.002716,0.0007335,0.000137
img_01932.jpg,0.7035205,0.0119865,0.0049515,0.0660035,0.0063785,0.010123,0.007976,0.1890605
img_01955.jpg,2.25e-05,1.1e-05,0.000163,2.5e-06,1.8e-05,3.05e-05,2.35e-05,0.999728
img_01963.jpg,0.9949015,0.000359,0.000878,0.000106,0.000268,0.0011505,0.0001495,0.002187
img_01966.jpg,0.9315196,0.0585278,0.000423,0.0012558,0.0002494,0.002345,0.002803,0.0028766
img_01976.jpg,0.9829545,0.000945,0.000145,0.00019,0.000809,0.0003085,0.000236,0.014413
img_01983.jpg,0.767831,0.0076275,0.026737,0.0022995,0.1708445,0.006523,0.0007655,0.0173725
img_01984.jpg,0.252557,0.0371376666666667,0.00173266666666667,0.0146023333333333,0.00196933333333333,0.00414033333333333,0.000258333333333333,0.687601666666667
img_01995.jpg,0.055944,0.135781,0.0494925,0.3510465,0.0310205,0.197074,0.0053785,0.174263
img_01996.jpg,0.2777625,0.0027115,0.0003825,0.000775,0.001257,0.6975425,0.0070575,0.0125115
img_02001.jpg,0.456766,0.0129655,0.000872,0.0033405,0.0674545,0.405441,0.04357,0.0095905
img_02006.jpg,0.6754255,0.0452655,0.036271,0.0989655,0.028834,0.0725765,0.0035195,0.039142
img_02066.jpg,0.675724,0.0376805,0.026634,0.0147525,0.117561,0.0979925,0.0170625,0.012594
img_02074.jpg,0.9608205,0.010689,0.0018235,0.0207355,0.000782,0.001583,0.0005165,0.0030505
img_02076.jpg,0.082003,0.673683,0.0084585,0.0015695,0.0095835,0.001087,0.0025155,0.2210995
img_02077.jpg,0.43962025,0.0327055,0.04671125,0.25318625,0.00643025,0.18239725,0.029996,0.00895275
img_02078.jpg,0.337877,0.001093,0.565892,0.000645,0.085972,0.001538,0.00095,0.006033
img_02082.jpg,0.226447,0.000240666666666667,0.0141423333333333,0.00125266666666667,0.284294666666667,0.259842,0.0473,0.166480333333333
img_02083.jpg,0.459283,0.0031175,0.0122035,0.000551,0.4995575,0.0240575,0.0006045,0.0006255
img_02096.jpg,0.998689,0.000687,0.0001475,1e-05,2.55e-05,5.1e-05,6.95e-05,0.000321
img_02119.jpg,0.8848445,0.0097355,0.0137785,0.001845,0.0012265,0.0766585,0.0005225,0.0113885
img_02124.jpg,0.238328,0.001163,0.0001325,0.000185,0.000284,0.758086,0.001592,0.00023
img_02135.jpg,0.164480666666667,0.02254,0.082136,0.0170953333333333,0.454804666666667,0.213635666666667,0.038183,0.00712566666666667
img_02146.jpg,0.907114,0.001327,0.0027205,0.000453,0.0837895,0.003582,0.000598,0.0004155
img_02159.jpg,0.463393,0.0082715,0.0223405,0.013827,0.295292,0.185253,0.00266,0.008963
img_02172.jpg,0.7511705,0.0867125,0.038855,0.001611,0.011011,0.093787,0.0040755,0.012777
img_02180.jpg,0.8308935,0.0185635,0.0014455,0.0013025,0.0003245,0.125258,0.004557,0.017656
img_02188.jpg,0.291736,0.020566,0.002491,0.00495,0.0011715,0.0316795,0.390578,0.2568275
img_02194.jpg,0.7580175,0.0883985,0.064613,0.000419,0.010549,0.0012995,0.0013905,0.075312
img_02209.jpg,0.079627,0.001127,0.000204,0.000233,0.0002205,0.9157955,0.002479,0.0003145
img_02216.jpg,0.482127,0.355076,0.01023,0.0019655,0.019903,0.008944,0.001955,0.1197995
img_02231.jpg,0.4631815,0.0015015,0.012636,0.463687,0.0355935,0.0176915,0.002191,0.0035175
img_02235.jpg,0.093502,0.190475,0.015783,0.3319795,0.0412835,0.2243285,0.008175,0.094473
img_02252.jpg,0.953231,0.0012825,0.0167185,0.000611,0.0215145,0.0026465,0.001376,0.00262
img_02268.jpg,0.7607525,0.0506305,0.043461,0.020409,0.0373895,0.0380895,0.0051665,0.0441015
img_02270.jpg,0.912027,0.0105555,0.0055805,0.016085,0.018492,0.030981,0.0041475,0.002132
img_02281.jpg,0.550042,0.008229,0.0551815,0.1659005,0.1070625,0.031914,0.009421,0.0722495
img_02282.jpg,3.5e-06,0.0002345,0.0009255,3.3e-05,2.8e-05,0.001023,0.000547,0.997206
img_02285.jpg,0.927384,0.000996,0.033271,0.0025755,0.0318285,0.0015025,0.002006,0.0004365
img_02291.jpg,0.9878285,0.006087,0.000593,0.000175,0.001262,0.0014415,0.0009715,0.0016415
img_02299.jpg,0.59725,0.164983,0.0083825,0.0174195,0.001328,0.0201815,0.0041825,0.186273
img_02305.jpg,0.0604535,0.171368,0.0179205,0.373874,0.0301995,0.131494,0.0063455,0.2083445
img_02307.jpg,0.614518,0.0715325,0.0006885,0.00235,0.002287,0.069596,0.007493,0.231535
img_02309.jpg,0.9996815,0.0001815,2.35e-05,1.35e-05,3.3e-05,6e-06,2.5e-06,5.75e-05
img_02318.jpg,0.235241,0.0039155,0.007083,0.0012365,0.006759,0.0089095,0.0101115,0.7267445
img_02347.jpg,0.178632,0.010654,0.018302,0.006083,0.697424,0.01034,0.004402,0.074163
img_02356.jpg,0.0065635,0.0001845,0.001089,0.001776,0.0691655,0.000232,0.000418,0.9205715
img_02367.jpg,0.907508666666667,0.002526,0.001366,0.000990333333333333,0.00226933333333333,0.001131,0.0392596666666667,0.0449496666666667
img_02372.jpg,0.0492285,0.003443,0.225284,0.0007925,0.512004,0.20434,0.0006155,0.0042925
img_02379.jpg,0.4226465,0.0168435,0.0004925,8.7e-05,0.0016375,0.00051,0.001905,0.5558775
img_02384.jpg,0.6623025,0.0084395,0.0013455,0.004118,0.0071885,0.067722,0.147338,0.101546
img_02398.jpg,0.8047155,0.006711,0.002707,0.0134255,0.0043815,0.125597,0.003666,0.038797
img_02400.jpg,0.9827975,0.004497,0.0039815,0.000646,0.000542,0.006574,0.0001575,0.0008035
img_02406.jpg,0.19674,0.00446566666666667,0.0377293333333333,0.645275333333333,0.00483266666666667,0.0847356666666667,0.00786666666666667,0.0183543333333333
img_02412.jpg,0.616407,0.0048915,0.0012945,0.000436,0.0062155,0.0011395,0.0017155,0.3679
img_02416.jpg,0.07544,0.363435,0.054326,0.003477,0.125928,0.309556,0.041775,0.026063
img_02422.jpg,0.835415,0.07946,0.003259,0.005334,0.0023865,0.0456075,0.0180375,0.0105
img_02479.jpg,0.4960005,0.0021285,0.0018175,0.000255,0.4989505,0.000216,0.0001165,0.000515
img_02486.jpg,0.564659666666667,0.232339666666667,0.0922543333333333,0.00727533333333333,0.00413233333333333,0.091313,0.00462133333333333,0.00340433333333333
img_02487.jpg,0.7986585,0.0738985,0.000466,0.0006155,0.001111,0.008051,0.002756,0.1144445
img_02507.jpg,0.2920615,0.0104115,0.294027,0.0163175,0.1379845,0.2217415,0.015524,0.0119325
img_02522.jpg,0.7552675,0.0730775,0.0055905,0.0078795,0.0082415,0.0139345,0.002653,0.1333555
img_02540.jpg,0.8020395,0.006524,0.050772,0.007992,0.019118,0.089744,0.002688,0.0211225
img_02546.jpg,0.191924,0.056247,0.040975,0.006554,0.2850075,0.283006,0.02432,0.1119665
img_02556.jpg,0.19739,0.016996,0.0003555,0.0006295,0.0005025,0.00381,0.000907,0.7794095
img_02560.jpg,0.497304,0.001271,0.0002355,0.00069,0.498131,0.0008725,0.0005965,9e-04
img_02563.jpg,0.096492,0.010062,0.1387255,0.0030785,0.614725,0.1319665,0.00123,0.003721
img_02565.jpg,0.8827295,0.0030935,0.0008745,0.0006755,0.0186315,0.0709985,0.0079315,0.0150655
img_02573.jpg,0.5821895,0.151576,0.02281,0.003279,0.0406475,0.156995,0.0228325,0.019671
img_02574.jpg,0.165346,0.0276985,0.017846,0.037553,0.094509,0.08771,0.04767,0.5216675
img_02602.jpg,0.8181745,0.0622105,0.0026705,0.0028815,0.0393375,0.014492,0.014573,0.0456615
img_02607.jpg,0.4975775,0.004886,0.012284,0.00291,0.2056095,0.185365,0.0094105,0.081957
img_02622.jpg,0.9051925,0.0016005,0.0009615,0.0010255,0.006401,0.057277,0.0081335,0.019408
img_02625.jpg,0.168031,0.002614,0.0004335,0.000611,0.000986,0.8182435,0.0067925,0.0022875
img_02636.jpg,0.738481666666667,0.0681606666666667,0.0155986666666667,0.00488366666666667,0.057293,0.004156,0.00557766666666667,0.105849
img_02638.jpg,0.9701465,0.004527,0.0001785,0.001022,0.0001925,0.0154995,0.0003135,0.0081205
img_02641.jpg,0.955923,0.003309,0.002523,0.002678,0.009036,0.014185,0.000515,0.01183
img_02646.jpg,0.001343,0.0078545,0.027351,0.000618,0.00152,0.0013685,0.0009665,0.9589775
img_02648.jpg,0.0707585,0.003694,0.420748,0.01977,0.0011495,0.1145115,0.0056255,0.3637435
img_02651.jpg,0.971926,0.0012585,0.0003095,0.0003175,0.005703,0.000974,4.5e-05,0.0194665
img_02656.jpg,0.6472185,0.031036,0.0035375,0.008272,0.0019565,0.0761065,0.012345,0.219527
img_02666.jpg,0.974043666666667,0.009591,0.00154066666666667,0.000154333333333333,0.000387666666666667,0.0114516666666667,0.000653333333333333,0.00217733333333333
img_02679.jpg,0.5438525,0.2267785,0.009838,0.003277,0.0139655,0.0010575,0.0096915,0.1915395
img_02687.jpg,0.1820035,0.0100595,0.009912,0.001799,0.007843,0.0040615,0.013761,0.770561
img_02699.jpg,0.8531925,0.002872,0.0107125,0.003563,0.0350305,0.014116,0.042354,0.0381605
img_02702.jpg,0.891327,0.0034695,0.078443,0.005409,0.0078355,0.002354,0.0002745,0.010887
img_02703.jpg,0.486009,0.0005915,0.009139,0.0059245,0.0340375,0.0003375,0.0081435,0.455818
img_02709.jpg,0.8156165,0.063158,0.0559225,0.029656,0.0061675,0.013497,0.0046335,0.01135
img_02726.jpg,0.7530895,0.0042595,0.0353065,0.0019015,0.194958,0.003795,0.000351,0.006339
img_02733.jpg,0.810458,0.0029755,0.034058,0.0474275,0.013858,0.084738,0.004624,0.001861
img_02734.jpg,0.6902415,0.015437,0.026749,0.0171635,0.0039185,0.1854235,0.02096,0.0401075
img_02739.jpg,0.9997795,4.45e-05,2.35e-05,1.05e-05,6.75e-05,9.5e-06,2e-06,6.25e-05
img_02749.jpg,0.5747475,0.003312,0.0207405,0.2703185,0.0083345,0.015909,0.000633,0.106005
img_02759.jpg,0.2359185,0.020769,0.030299,0.0086795,0.0465145,0.0102145,0.004512,0.643092
img_02764.jpg,0.991987,0.0017495,0.0005485,8.65e-05,0.001374,0.0002705,0.0001025,0.0038815
img_02766.jpg,0.963699,0.001959,0.0017825,0.0002975,0.0013375,0.0105075,0.00186,0.018557
img_02769.jpg,0.059577,0.021939,0.0326055,0.003931,0.0377075,0.008912,0.0067625,0.8285665
img_02771.jpg,0.9209115,0.03464525,0.00158,0.002755,0.000148,0.0388925,0.0005335,0.00053375
img_02789.jpg,0.4203595,0.002152,0.0618095,0.0066145,0.475016,0.0089555,0.025032,6.15e-05
img_02799.jpg,0.9950565,0.0004235,0.00011,0.0001415,0.003932,0.000179,2.25e-05,0.0001345
img_02808.jpg,0.8524065,0.03853175,0.02350575,0.03025075,0.002102,0.039725,0.00184075,0.01163775
img_02811.jpg,0.795122,0.0005115,0.0041925,0.004787,0.0091025,0.127928,0.000418,0.057938
img_02830.jpg,0.3231585,0.1760485,0.010872,0.0223065,0.011461,0.2821885,0.1029635,0.071002
img_02834.jpg,0.5997595,0.045007,0.0007785,0.0019915,0.001552,0.0532945,0.0482705,0.249347
img_02837.jpg,0.531554,0.040665,0.0012995,0.0263215,0.0234425,0.004359,0.000472,0.371887
img_02838.jpg,0.836365666666667,0.075961,0.0552903333333333,0.00592933333333333,0.00828233333333333,0.0137753333333333,0.000664666666666667,0.00373133333333333
img_02842.jpg,0.1777525,0.0023745,0.0001985,0.0002655,0.000526,0.8148965,0.0034845,0.000502
img_02857.jpg,0.241689,0.009621,0.021138,0.003171,0.639617,0.008593,0.004346,0.071825
img_02865.jpg,0.044141,0.000562,0.00239,0.001739,0.493646,0.024811,0.009121,0.42359
img_02871.jpg,0.239724,0.1591975,0.008521,0.026769,0.023316,0.4308805,0.071854,0.0397385
img_02876.jpg,0.2041625,0.0221415,0.2290665,0.0036015,0.002666,0.001526,0.0015905,0.5352445
img_02889.jpg,0.7654395,0.042169,0.048754,0.030765,0.011504,0.0237165,0.005776,0.0718765
img_02890.jpg,0.8054515,0.007184,0.006484,0.0263925,0.0042765,0.1456765,0.0019445,0.002591
img_02899.jpg,0.841845,0.0069945,0.006279,0.0540525,0.0042365,0.0852255,0.001002,0.000365
img_02904.jpg,0.692594,0.101583,0.0382815,0.018458,0.014886,0.112923,0.0159285,0.0053465
img_02911.jpg,0.651721,0.0041695,0.04973,0.2125495,0.0513045,0.0033915,0.005232,0.021902
img_02916.jpg,0.850931333333333,0.00272766666666667,0.00528933333333333,0.00153466666666667,0.00349366666666667,0.125243333333333,0.00390933333333333,0.00687166666666667
img_02920.jpg,0.924983,0.05704625,0.00246575,0.001352,0.0003475,0.0120095,0.000475,0.00132075
img_02943.jpg,0.926332,0.001265,0.022659,0.002847,0.000888,0.0360105,0.002459,0.0075395
img_02949.jpg,0.7939995,0.0015135,0.170889,0.0171205,0.006107,0.0027175,0.005672,0.0019805
img_02954.jpg,0.2911005,0.054026,0.0265225,0.002405,0.454559,0.039382,0.125934,0.0060705
img_02956.jpg,0.858820666666667,0.0304516666666667,0.00706066666666667,9e-04,0.00196866666666667,0.000445666666666667,0.002688,0.097665
img_02964.jpg,0.0046805,0.00886,0.037558,0.0005185,0.0015945,0.0063,0.002006,0.9384825
img_02974.jpg,0.9954815,0.000834,3.5e-05,4.2e-05,0.0027725,0.000405,7.7e-05,0.0003525
img_02977.jpg,0.752922,0.1133715,0.005474,0.008964,0.1012755,0.0066415,0.002311,0.009041
img_02993.jpg,0.1084835,0.0008605,0.013821,0.0010265,0.001552,0.0637185,0.0054015,0.805137
img_03014.jpg,0.126181,0.0344185,0.007858,0.0009515,0.5017745,0.0188565,0.0001895,0.3097715
img_03043.jpg,0.0005035,0.013588,0.0612145,0.0023075,0.0163025,0.1825175,0.0234635,0.7001025
img_03055.jpg,0.910957666666667,0.062186,0.000706,0.00465,0.000737666666666667,0.01605,0.000211,0.00450166666666667
img_03064.jpg,0.8521465,0.0334595,0.0112395,0.0041885,0.008886,0.016948,0.055908,0.0172235
img_03069.jpg,0.1510805,0.044892,0.029097,0.4842775,0.00491,0.060341,0.013889,0.2115145
img_03074.jpg,0.985571666666667,0.00766833333333333,0.000249666666666667,0.000670666666666667,0.000347666666666667,0.001486,0.00114933333333333,0.00285633333333333
img_03078.jpg,0.728258666666667,0.240847666666667,0.00715366666666667,0.00907833333333333,0.000199333333333333,0.0100853333333333,0.00213633333333333,0.00224133333333333
img_03080.jpg,0.973584,0.0156995,0.001023,0.001741,0.0003755,0.00558,0.000496,0.0015005
img_03082.jpg,0.6089655,0.3825765,0.002545,0.0014555,0.0006495,8.9e-05,0.000197,0.003522
img_03087.jpg,0.596051333333333,0.0125346666666667,0.0100566666666667,0.0162343333333333,0.329511333333333,0.0311836666666667,0.00340366666666667,0.00102433333333333
img_03116.jpg,0.3589415,0.071549,0.014534,0.0019735,0.384144,0.0037645,0.0004515,0.1646425
img_03128.jpg,0.796082,0.024124,0.0006025,0.000483,0.0009705,0.1225085,0.001072,0.0541575
img_03135.jpg,0.0604565,0.0164615,0.000291,0.000578,0.000417,0.001281,0.0008935,0.919622
img_03140.jpg,0.747893,0.1369515,0.007553,0.0109685,0.011648,0.020524,0.023628,0.0408335
img_03166.jpg,0.678425,0.0080905,0.0037445,0.001678,0.204128,0.055768,0.0011665,0.047
img_03169.jpg,0.2194835,0.133464,0.511356,0.004499,0.0058725,0.0501035,0.006726,0.068496
img_03181.jpg,0.850701,0.0189853333333333,0.00359733333333333,0.00106866666666667,0.00320733333333333,0.075764,0.00358433333333333,0.0430923333333333
img_03195.jpg,0.479908,0.0517685,0.0010955,0.0120785,0.008231,0.2178255,0.180486,0.0486075
img_03199.jpg,0.9541965,0.0227595,0.0028085,0.0007275,0.000318,0.0045685,0.006146,0.008475
img_03210.jpg,0.00681,0.0068215,0.2253085,0.0032845,0.0119925,0.052099,0.0027435,0.6909395
img_03220.jpg,0.836481,0.026868,0.0024885,0.0027175,0.043595,0.0594555,0.0228695,0.0055245
img_03222.jpg,0.889062,0.030618,0.000113,0.0008145,0.0017725,0.076105,0.0012935,0.000222
img_03223.jpg,0.629425,0.04081,0.001032,0.002933,0.004974,0.003451,0.0005105,0.3168645
img_03228.jpg,0.778841,0.0161056666666667,0.00369233333333333,0.185904,0.000546,0.006698,0.001931,0.00628266666666667
img_03229.jpg,0.1768875,0.014971,0.00587,0.003785,0.004323,0.0427355,0.716137,0.035292
img_03231.jpg,0.518427,0.032342,0.100021,0.021095,0.083621,0.161921,0.011283,0.071289
img_03238.jpg,0.910139,0.0119815,0.0007745,0.0011665,0.0109515,0.048977,0.003413,0.012597
img_03239.jpg,0.0023995,0.0157075,0.0107535,0.0017685,0.005739,0.004695,0.956091,0.002847
img_03252.jpg,0.954475,0.005253,0.0032915,0.000365,0.001457,0.031464,0.0012535,0.00244
img_03254.jpg,0.1880475,0.0022575,0.0001605,0.0002835,0.000436,0.805677,0.002602,0.000536
img_03260.jpg,0.95233,0.000746,0.0006115,0.0005935,0.001818,0.042271,0.000278,0.0013525
img_03261.jpg,0.777341333333333,0.105871,0.05665,0.0160993333333333,0.00987066666666667,0.02929,0.00237066666666667,0.00250633333333333
img_03270.jpg,0.036379,0.000454,0.0008025,0.000418,0.110026,0.000419,0.0002505,0.851251
img_03283.jpg,0.0041155,0.002295,0.0051485,0.0071905,0.000432,0.0007905,0.003686,0.9763415
img_03290.jpg,0.074272,0.0280315,0.0016135,0.0003715,0.0015275,0.0175915,0.008637,0.8679565
img_03297.jpg,0.986439,0.001238,0.005779,0.002382,0.000464,0.00181,0.00069,0.001199
img_03310.jpg,0.605162,0.0084155,0.00054,0.002641,0.010873,0.3703115,0.0016455,0.0004125
img_03312.jpg,0.7895135,0.074893,0.0282285,0.00323175,0.00027575,0.016093,0.001076,0.08668875
img_03324.jpg,0.2954875,0.002215,0.0415395,0.0018135,0.00018,0.0202545,0.0013945,0.637115
img_03333.jpg,0.9251705,0.0015115,0.0001795,0.000625,0.0001155,0.0644835,0.002677,0.005238
img_03342.jpg,0.664043,0.1980865,0.001035,0.001115,0.0006775,0.077944,0.001073,0.056026
img_03346.jpg,0.9257585,0.0402865,0.0032635,0.0046665,0.0049285,0.017334,0.0015005,0.0022615
img_03355.jpg,0.5426255,0.0080165,0.0003305,0.0011095,0.000423,0.001514,0.054638,0.3913425
img_03361.jpg,0.512282333333333,0.141339666666667,0.051277,0.00849133333333333,0.00540833333333333,0.0291026666666667,0.0168556666666667,0.235243
img_03370.jpg,0.973713,0.002068,0.0004245,0.000641,0.000474,0.014451,0.0002825,0.0079455
img_03399.jpg,0.385682,0.152627,0.001936,0.001137,0.0023515,0.454571,0.0014985,0.000196
img_03410.jpg,0.483024,0.038498,0.0093515,0.001985,0.431089,0.006397,0.00057,0.029086
img_03422.jpg,0.921509,0.016378,0.0119666666666667,0.0258846666666667,0.00194833333333333,0.020183,0.000767666666666667,0.001363
img_03426.jpg,0.9406815,0.008363,0.004406,0.000655,0.0008785,0.0079545,0.001938,0.035124
img_03439.jpg,0.5989795,0.0021885,0.01987,0.2237935,0.0052955,0.0140105,0.0004045,0.135458
