image,ALB,BET,DOL,LAG,NoF,OTHER,SHARK,YFT
img_00005.jpg,0.0101,5e-06,0.000106,8.5e-05,0.98933,3e-05,0.000326,1.8e-05
img_00007.jpg,0.0158775,0.004237,0.0042985,0.001912,0.002664,0.00633,0.0014655,0.963216
img_00009.jpg,0.823219,0.0482513333333333,0.00448666666666667,0.002092,0.007252,0.112892333333333,0.000233333333333333,0.001574
img_00018.jpg,0.963929333333333,0.00638133333333333,0.003635,0.0144,0.000863666666666667,0.0101166666666667,0.000188666666666667,0.000484666666666667
img_00027.jpg,0.5686695,0.1996455,0.0008385,0.0006815,0.0033105,0.2118505,0.0007095,0.014296
img_00030.jpg,0.421395,0.007132,0.047674,0.006865,0.272825,0.057424,0.03158,0.155106
img_00040.jpg,0.297425,0.0277605,0.015279,0.007525,0.0072325,0.1198855,0.479393,0.0455
img_00046.jpg,0.735584,7.8e-05,0.001419,0.000591,0.247622,0.011273,0.002143,0.001289
img_00053.jpg,0.964247,0.002714,0.0153145,0.004229,0.003875,0.0076965,0.0007345,0.00119
img_00071.jpg,0.0616193333333333,0.0192876666666667,0.0302463333333333,0.690807,0.0193053333333333,0.172866333333333,0.004444,0.00142333333333333
img_00075.jpg,0.138259,0.084771,0.003264,0.001146,0.020409,0.750274,0.001796,8.1e-05
img_00102.jpg,0.2335565,0.0049675,0.000223,0.00025,0.0007405,0.0038855,0.000273,0.756104
img_00103.jpg,0.897438666666667,0.008329,0.000693,0.00222833333333333,0.00164066666666667,0.088029,0.00105633333333333,0.000584666666666667
img_00109.jpg,0.989175,0.000564,0.0005295,0.0035005,0.0030875,0.002165,0.00041,0.000569
img_00119.jpg,0.012723,0.000423,0.001782,0.001959,0.636738,0.011588,0.000523,0.334264
img_00120.jpg,0.5097665,0.0004365,0.000236,0.0005295,0.0002485,0.001521,0.043912,0.44335
img_00125.jpg,0.687019333333333,0.00325266666666667,0.0347386666666667,0.01071,0.002489,0.0576803333333333,0.020923,0.183186333333333
img_00128.jpg,0.000587,0.047771,0.1610225,0.000216,0.0005875,0.0003465,0.000199,0.7892715
img_00129.jpg,0.2980455,0.0061065,0.01577,0.0045415,0.005143,0.068483,0.531501,0.07041
img_00133.jpg,0.014649,0.000709,6.2e-05,0.000557,0.982156,0.001706,0.000144,1.6e-05
img_00138.jpg,0.934732,0.026899,0.0067185,0.002016,0.001817,0.0005885,0.000557,0.026672
img_00141.jpg,1e-06,4.1e-05,0.0014205,1.15e-05,9e-06,0,1.4e-05,0.998502
img_00152.jpg,0.0037615,0.009679,0.002869,0.001353,0.003814,0.0320685,0.0626105,0.8838445
img_00161.jpg,2e-05,0.0002495,4.15e-05,2e-05,4.2e-05,0.0002975,1.35e-05,0.9993155
img_00164.jpg,0.009233,0.007747,0.009906,0.002742,0.945785,0.001511,0.00094,0.022136
img_00170.jpg,0.4723265,0.0003715,0.010856,0.4876275,0.0074965,0.0136575,0.000505,0.007159
img_00171.jpg,0.517999,0.001537,0.012144,0.026234,0.012949,0.427434,0.00152,0.000183
img_00172.jpg,0.000438,8e-06,4.4e-05,9.7e-05,0.998727,0.000544,0.000128,1.4e-05
img_00175.jpg,0.705009,0.0051995,0.022695,0.024313,0.0051505,0.186756,0.011179,0.039698
img_00180.jpg,0.0748585,0.000153,5.5e-05,0.0001405,0.0011745,4.55e-05,0.001122,0.922451
img_00196.jpg,0.092564,0.006151,0.008756,0.006031,0.556381,0.015583,0.001645,0.312889
img_00212.jpg,0.474729,0.016483,0.0004355,0.0067075,0.0003315,5.5e-05,0.0001865,0.5010715
img_00223.jpg,0.9035555,0.037052,0.037326,0.0015655,0.001656,0.0148725,0.0005655,0.003407
img_00230.jpg,0.8317075,0.15528375,0.001152,0.00094925,0.00042175,0.00524825,0.00115375,0.00408475
img_00232.jpg,0.000342,0.046304,0.001143,0.0022945,0.011324,0.0032535,0.9338765,0.0014625
img_00244.jpg,0.8148635,0.0862905,0.0018585,0.0025805,0.0045255,0.054869,0.001608,0.033405
img_00272.jpg,0.6267,0.0816425,0.1579725,0.010634,0.0009155,0.0437805,0.001564,0.07679
img_00280.jpg,0.91678,0.0007785,0.0026895,0.0007485,0.071201,0.000899,0.000847,0.0060565
img_00282.jpg,0.400226,0.001307,0.012587,0.047065,0.021726,0.515482,0.001309,0.000298
img_00285.jpg,0.7609935,0.011169,0.001783,0.001123,0.001663,0.100548,0.010521,0.1121985
img_00289.jpg,0.9561755,0.010501,0.00059,0.0002875,0.027114,9e-04,0.0001625,0.0042695
img_00292.jpg,0.6598795,0.0022905,0.0005015,0.0002745,0.000466,0.011565,0.001194,0.323829
img_00302.jpg,0.2562355,0.011416,0.0073485,0.005087,0.003182,0.0329695,0.6174955,0.066266
img_00311.jpg,0.992469,0.0039615,9.35e-05,0.0003005,0.000963,8.15e-05,7.7e-05,0.0020535
img_00320.jpg,0.976271,0.013039,0.0006955,0.000549,0.000937,0.001464,0.005998,0.001048
img_00331.jpg,0.737277,0.0020635,0.000865,0.0016835,0.0220575,0.1863215,0.00974,0.0399925
img_00358.jpg,0.1100275,0.072459,0.003772,0.0045705,0.002372,0.089103,0.030223,0.687473
img_00374.jpg,0.831738,0.007469,0.001028,3e-04,0.000129,0.002138,0.0002635,0.156934
img_00375.jpg,0.14384,0.018983,0.3324665,0.0343295,0.222712,0.2432095,0.0033545,0.001104
img_00376.jpg,0.944461,0.0009105,0.0064225,0.0006695,0.005762,0.0026435,0.0034745,0.035656
img_00380.jpg,0.947395,0.007234,0.030813,0.002185,0.001248,0.0091735,0.000814,0.001138
img_00383.jpg,0.969713,0.015243,0.000119,0.0001585,0.0128765,0.000337,0.00023,0.0013235
img_00398.jpg,0.836466,0.0258855,0.0023825,0.001297,0.008838,0.0030285,0.025123,0.0969795
img_00407.jpg,0.972006,0.0125483333333333,0.000867333333333333,0.00255433333333333,0.000417333333333333,0.00419533333333333,0.00014,0.00727166666666667
img_00417.jpg,0.351209,0.007983,0.0003305,0.0019335,0.0004815,0.000198,0.000256,0.6376075
img_00432.jpg,0.675778,0.087373,0.027387,0.0053195,0.0287,0.1377335,0.0197085,0.0179995
img_00442.jpg,1e-06,9.65e-05,6.4e-05,7e-06,3e-06,2.55e-05,2.05e-05,0.999782
img_00446.jpg,0.8973815,0.012396,0.000949,0.001996,0.0085055,0.025035,0.0041975,0.04954
img_00469.jpg,0.6475415,0.0017775,0.000979,0.026249,0.004113,0.003283,0.0039625,0.3120945
img_00473.jpg,0.961769,0.0009915,4.65e-05,3.7e-05,0.0001755,6.65e-05,9.75e-05,0.036817
img_00483.jpg,0.972749,4e-04,2e-05,5.6e-05,0.001982,7.4e-05,0.000206,0.024513
img_00484.jpg,0.189252,0.024758,0.002039,0.010832,0.0039715,0.0006275,0.0328255,0.735694
img_00486.jpg,0.6220025,0.027532,0.223149,0.0952145,0.005412,0.0245805,0.001544,0.0005655
img_00487.jpg,1.5e-05,3e-06,4.6e-05,1.4e-05,0.99968,1e-06,2.1e-05,0.000221
img_00493.jpg,0.099267,0.002721,0.107464,0.037635,0.399528,0.30225,0.02676,0.024376
img_00518.jpg,0.9360045,0.000186,0.0062095,0.000673,0.0278075,0.001228,0.0067285,0.0211625
img_00533.jpg,0.279931,0.074455,0.0125205,0.008317,0.009196,0.0735825,0.059502,0.4824965
img_00538.jpg,0.961836666666667,0.009725,0.000704666666666667,0.000826,0.00131033333333333,0.00436333333333333,0.000403,0.0208316666666667
img_00543.jpg,0.996116,0.002183,1.65e-05,2.65e-05,0.0002885,2.45e-05,8e-05,0.0012655
img_00550.jpg,0.370829,0.0883575,0.0622905,0.0050535,0.0324195,0.424039,0.0076705,0.0093405
img_00551.jpg,0.8025055,0.0138415,0.001941,0.003101,0.004702,0.137295,0.025634,0.0109805
img_00564.jpg,0.000126,0.009345,0.001333,0.000418,0.988109,0.000288,0.00026,0.00012
img_00575.jpg,0.7369135,0.0052525,0.0008485,0.001646,0.001065,0.0128965,0.0120385,0.2293395
img_00582.jpg,0.261375,0.213628,0.002409,0.005518,0.011981,0.426298,0.048782,0.03001
img_00584.jpg,0.9419065,0.0009075,0.0002335,9.65e-05,0.049909,0.0008995,0.0015775,0.0044705
img_00587.jpg,0.217966,0.10176,0.0010185,0.00561,0.001231,0.0259865,0.000493,0.645935
img_00590.jpg,0.040356,0.0290055,7.15e-05,0.0001655,0.0004035,0.0002775,7.3e-05,0.929648
img_00591.jpg,0.043203,0.000446,0.0001335,6.1e-05,0.0003335,0.0105645,0.00017,0.945089
img_00598.jpg,0.873886333333333,0.0185443333333333,0.006284,0.0412836666666667,0.00488266666666667,0.0183826666666667,0.002098,0.034638
img_00599.jpg,0.695842,0.0158505,0.0026415,0.0021605,0.001345,0.006352,0.018889,0.2569205
img_00612.jpg,0.870938,0.004295,0.000634,0.002405,0.00028,0.1082385,0.006668,0.006542
img_00618.jpg,0.974001,5e-06,0.000161,0.00022,0.022571,0.001357,0.000127,0.001558
img_00620.jpg,0.925998,0.0512685,0.007855,0.0037105,0.0032265,0.005601,0.0003885,0.001953
img_00642.jpg,0.4758835,0.0043325,0.002145,0.4918425,0.0030575,0.0059825,0.0001515,0.016604
img_00646.jpg,0.0010145,0.003486,0.006076,0.0002755,0.000287,0.0003975,0.0166135,0.97185
img_00648.jpg,0.9953925,0.002043,5.95e-05,8.15e-05,0.000773,3.6e-05,5.75e-05,0.001557
img_00650.jpg,0.5893865,0.011514,0.001807,0.0123515,0.0009165,0.3244995,0.046332,0.0131925
img_00654.jpg,0.8955165,0.009326,0.0076915,0.0052245,0.034698,0.03623,0.000567,0.010747
img_00664.jpg,0.993804,0.001338,0.0003695,9.2e-05,0.0004445,0.000578,0.0005475,0.0028265
img_00667.jpg,0.020538,0.000673,0.004566,0.002429,0.555635,0.012212,0.000838,0.403109
img_00676.jpg,0.018632,0.000426,0.001246,0.001329,0.529939,0.003427,0.000381,0.44462
img_00697.jpg,1.25e-05,4.1e-05,0.0036985,2.95e-05,1e-05,5e-07,3.8e-05,0.99617
img_00708.jpg,0.302273,0.063595,0.007961,0.007839,0.000807,0.0716075,0.0549975,0.49092
img_00716.jpg,0.21275,0.0828115,0.0002615,0.00101,0.0029995,0.0705825,0.213998,0.415588
img_00717.jpg,0.6403695,0.2162215,0.009233,0.003566,0.002225,0.084548,0.0134595,0.030378
img_00718.jpg,0.9276855,0.0101185,0.002808,0.004927,0.0013905,0.0328485,0.007579,0.012643
img_00723.jpg,0.346733,0.108596,0.002522,0.005018,0.508737,0.001268,0.012169,0.014958
img_00724.jpg,0.163718,0.004899,0.00423,0.004349,0.016044,0.004623,0.289635,0.512503
img_00726.jpg,0.960696,0.023463,0.0008185,0.0026805,0.0015235,0.0010845,0.008572,0.001162
img_00729.jpg,0.718628,3.6e-05,0.002254,0.001966,0.260713,0.009654,0.006211,0.000538
img_00730.jpg,0.0061805,0.0041105,0.000104,0.000331,0.0001185,7.4e-05,0.00016,0.988922
img_00757.jpg,0.893644,0.0220815,0.0052035,0.022414,0.00712,0.041421,0.002266,0.00585
img_00760.jpg,0.426576,0.033738,0.022934,0.441031,0.038561,0.031138,0.00262,0.003403
img_00763.jpg,0.026283,0.01383,0.001968,0.000698,0.754715,0.000858,9.8e-05,0.201551
img_00764.jpg,0.006354,0.062347,0.021211,0.000438,0.037417,0.001004,0.000656,0.870572
img_00765.jpg,0.043592,0.063399,0.0015335,0.005739,0.002427,0.768901,0.0108945,0.1035145
img_00772.jpg,0.018818,0.00176,0.153722,0.000477,0.00093,0.000601,6e-04,0.823093
img_00773.jpg,0.861609,0.000357,0.117779,0.004843,0.002053,0.012028,0.000651,0.000681
img_00777.jpg,0.4919215,0.020162,0.001071,0.0008865,0.018834,0.4658245,0.001258,4.25e-05
img_00780.jpg,0.0021655,0.0026945,0.001584,8.4e-05,0.000172,0.0029815,0.002422,0.987897
img_00798.jpg,0.805811,0.108425,0.003705,0.004892,0.000466,0.001543,0.006638,0.068521
img_00808.jpg,0.8505955,0.04165,0.0022535,0.0055635,0.001957,0.090882,0.001169,0.005929
img_00816.jpg,0.9689205,0.002882,0.0103935,0.0003675,0.001759,0.000434,6.35e-05,0.015179
img_00828.jpg,1.9e-05,0.000144,0.000383,0.000244,0.9986,0.000146,1.3e-05,0.00045
img_00833.jpg,0.262719,0.057628,0.003889,0.004865,0.001017,0.0528795,0.0233845,0.593617
img_00837.jpg,0.930012,0.002443,0.001055,0.000605,0.034607,0.0301765,0.0002585,0.0008425
img_00855.jpg,0.794449333333333,0.012521,0.00151133333333333,0.0146526666666667,0.00268433333333333,0.00587066666666667,0.000853,0.167457666666667
img_00857.jpg,0.95353,0.035577,0.0005255,0.000433,0.0013115,0.003449,0.0034955,0.0016785
img_00858.jpg,0.9286185,0.000277,7.35e-05,0.0001015,0.0019765,0.001067,0.002405,0.0654805
img_00865.jpg,0.986843,0.010252,0.0002305,0.000867,0.0002015,0.001099,0.0003365,0.0001715
img_00876.jpg,0.011132,0.001447,0.002983,0.002297,0.736668,0.001574,0.000668,0.24323
img_00889.jpg,0.004042,0.00299,0.013244,0.000453,0.00013,0.001646,0.000526,0.976968
img_00894.jpg,0.858849,0.003569,0.011885,0.001897,0.003223,0.000296,0.001322,0.118959
img_00902.jpg,0.0001575,0.0151895,0.00105,0.0025055,0.0121435,0.004591,0.9629505,0.001412
img_00914.jpg,0.0125675,0.014906,0.028073,0.0008205,0.003763,0.0014535,0.000131,0.9382855
img_00921.jpg,0.7825595,0.0005915,0.013049,0.006349,0.0734835,0.0693235,0.0071055,0.0475395
img_00927.jpg,0.0881885,0.052203,0.000366,0.0005085,0.002334,0.0013795,0.000429,0.8545905
img_00943.jpg,0.986813,0.000532,1.7e-05,2.4e-05,0.002256,0.000175,0.000115,0.010068
img_00948.jpg,0.750419,0.00558,0.033032,0.005296,0.058254,0.002998,0.003411,0.14101
img_00950.jpg,0.089169,0.000556,0.001536,0.000262,0.904571,0.002473,0.000178,0.001255
img_00959.jpg,0.9589265,0.000574,0.000267,0.0002105,0.0364185,0.000485,0.001896,0.0012225
img_00962.jpg,0.0024935,0.0037695,0.0478635,0.0001445,0.00028,9.75e-05,3.3e-05,0.9453175
img_00964.jpg,0.0171955,0.016116,0.8835005,0.0007225,0.000432,0.014338,0.00102,0.066676
img_00966.jpg,0.951908,0.002061,0.000314,0.000793,0.025362,0.000283,0.004533,0.014745
img_00974.jpg,0.973337,0.0121575,0.000543,0.0049605,0.000542,0.0014555,0.0002985,0.0067065
img_00979.jpg,0.270552,0.001316,0.0743,0.000584,0.0003095,0.001169,0.002305,0.649464
img_00982.jpg,0.126877,0.349358,0.007947,0.003195,0.172648,0.056551,0.000698,0.282726
img_00985.jpg,0.2726435,0.018252,0.0009205,0.0011745,0.0007455,0.111633,0.2124955,0.3821355
img_00999.jpg,0.9413915,0.014536,0.0005295,0.0007705,0.0006805,0.0038225,0.0001385,0.0381305
img_01022.jpg,0.6349625,0.0076235,0.0117095,0.0693015,0.078894,0.122856,0.00662,0.0680325
img_01031.jpg,0.801443666666667,0.016722,0.009667,0.004065,0.00736666666666667,0.153954,0.00171933333333333,0.00506166666666667
img_01035.jpg,0.294797,0.0021325,0.000358,0.000603,0.0164445,0.68525,0.0004005,1.6e-05
img_01043.jpg,0.496602,0.001057,0.0002605,0.0006875,0.498059,0.003064,0.000234,3.6e-05
img_01058.jpg,0.816096,0.007303,0.000263,8.8e-05,0.007272,4.2e-05,0.002542,0.166393
img_01059.jpg,0.2201415,0.002971,0.0002815,8.9e-05,0.0001765,0.0019705,0.004062,0.7703075
img_01090.jpg,0.2619215,0.013419,0.411338,0.0099825,0.205558,0.072843,0.0032725,0.0216655
img_01102.jpg,0.5397935,0.3800645,0.0131745,0.001495,0.000518,9.3e-05,0.0004185,0.0644425
img_01103.jpg,0.203213,0.118326,0.003039,0.002679,0.001046,0.000598,0.006813,0.664286
img_01116.jpg,0.9183635,0.067199,0.0026265,0.0010785,0.000297,0.0020435,0.000197,0.0081955
img_01134.jpg,0.8544705,0.0011095,0.001708,0.00149,0.0023715,0.1329965,0.0010695,0.0047835
img_01142.jpg,0.964107,0.000338,0.001177,0.000742,0.003615,0.004249,0.00017,0.025601
img_01168.jpg,0.019754,0.0284535,0.001452,0.009923,0.0017555,0.9302925,0.0070075,0.001364
img_01171.jpg,0.007929,0.041381,0.003149,0.000802,0.667595,0.000836,0.000157,0.278151
img_01177.jpg,0.814641,8e-04,0.0201,0.009443,0.068265,0.07492,0.000988,0.010843
img_01179.jpg,0.911261,0.010395,0.0131645,0.007023,0.0167305,0.0375795,0.0019665,0.0018795
img_01188.jpg,0.038557,0.0270025,0.001369,0.003052,0.001132,0.865298,0.005678,0.0579105
img_01198.jpg,0.8103135,0.007226,0.065369,0.0035445,0.078672,0.004894,0.0003835,0.0295975
img_01204.jpg,0.012298,0.000579,0.004209,0.003139,0.495466,0.006386,0.001548,0.476376
img_01208.jpg,0.073565,0.000517,0.004327,0.000285,0.910527,0.000892,0.000339,0.009548
img_01211.jpg,0.9548355,0.0237845,0.00016,0.00164,0.001509,0.0004565,0.001207,0.016409
img_01213.jpg,0.913166,0.004709,0.005032,0.012729,0.015619,0.039085,0.008804,0.000857
img_01222.jpg,0.4750615,0.3192495,0.006403,0.0557395,0.0028175,0.048181,0.012822,0.079726
img_01224.jpg,0.2609025,0.0036095,0.0195015,0.000386,8.6e-05,0.001083,0.0006965,0.7137355
img_01237.jpg,0.595497,0.000167,0.002235,0.00303,0.360335,0.009938,0.016191,0.012606
img_01249.jpg,0.191966,0.002482,0.001185,0.004217,0.795633,0.004293,0.000206,1.7e-05
img_01253.jpg,2.5e-06,4.45e-05,1.15e-05,1.55e-05,6e-06,3.35e-05,7e-06,0.9998795
img_01286.jpg,0.078361,0.006294,0.00304,0.004307,0.1892035,0.047655,0.0048335,0.666306
img_01289.jpg,0.150877,0.0063555,0.0002355,0.0001175,0.0006645,0.0018525,0.008774,0.831124
img_01325.jpg,0.167737,0.237429,0.025053,0.016246,0.535131,0.002069,0.006835,0.0095
img_01328.jpg,0.9331725,0.0276565,0.0030895,0.006441,0.0162535,0.009206,0.002708,0.001473
img_01366.jpg,0.6907815,0.0098025,0.0188675,0.0233535,0.0048915,0.205613,0.013745,0.032945
img_01371.jpg,0.9226915,0.00387,0.0010325,0.0015315,0.028217,0.0234055,0.0004655,0.018787
img_01373.jpg,0.3323905,0.0316515,0.03773,0.011261,0.3679365,0.1011105,0.0024275,0.1154935
img_01377.jpg,0.431772,0.000967,0.009095,0.003746,0.51997,0.005563,0.000293,0.028593
img_01379.jpg,0.9646925,0.003691,0.0019595,0.0009915,0.014101,0.0130735,0.0004185,0.0010725
img_01384.jpg,0.328006,0.1348585,0.0932335,0.003326,0.011863,0.4038605,0.0067555,0.0180965
img_01388.jpg,0.5969695,0.0060785,0.0003315,9.5e-05,0.0093,0.3823665,0.00066,0.0041985
img_01392.jpg,0.0005295,0.173864,0.6865645,0.00163,0.004842,0.007181,0.0002265,0.1251625
img_01399.jpg,0.0019895,0.855962,0.0206745,0.0013065,0.0019135,0.029207,0.0010535,0.0878925
img_01404.jpg,0.8930915,0.0173005,0.0034855,0.0279105,0.011003,0.0259755,0.0006575,0.020576
img_01405.jpg,0.868512,0.0166325,0.0042365,0.001161,0.00444,0.093668,0.0109325,0.000417
img_01413.jpg,0.965213,0.0008905,0.0004165,0.007233,0.019779,0.002548,0.000607,0.0033125
img_01426.jpg,0.007271,0.5817565,0.0008855,0.0061685,0.003526,0.015121,0.373036,0.0122355
img_01431.jpg,0.537719,0.037935,0.021808,0.330718,0.042007,0.024473,0.003184,0.002155
img_01441.jpg,2.75e-05,0.004505,0.000742,0.00015,0.0002455,0.000211,0.0026855,0.991434
img_01444.jpg,0.366866,0.0157135,0.0045965,0.0013585,0.008173,0.0396685,0.005912,0.557712
img_01490.jpg,0.006499,0.0020195,0.1540655,0.000856,0.000166,0.0001445,0.000517,0.835733
img_01495.jpg,0.7554625,0.032191,0.008747,0.0016515,0.0004955,0.0032385,0.0019315,0.196281
img_01505.jpg,0.0158,0.000271,0.003841,0.002859,0.595723,0.005154,0.002009,0.374341
img_01511.jpg,0.940529,0.016778,0.0163615,0.0030185,0.0093025,0.012318,0.000587,0.001106
img_01519.jpg,0.5486815,0.027155,0.002381,0.017393,0.0047875,0.032064,0.3429365,0.0246015
img_01530.jpg,0.8595595,0.101215,0.003171,0.0080995,0.006914,0.004648,0.0104315,0.0059605
img_01537.jpg,0.905483,0.022583,0.008721,0.0003835,0.003255,0.053093,0.0009505,0.0055295
img_01538.jpg,0.868986,0.006335,0.0119235,0.0017325,0.0013845,0.07851,0.015977,0.015153
img_01541.jpg,0.000209,0.003432,0.000913,0.00058,0.989846,0.001339,0.000128,0.003552
img_01543.jpg,0.9705605,0.000385,0.0002475,2.6e-05,0.0001105,2.75e-05,0.000262,0.028381
img_01548.jpg,0.992273,0.0003735,0.000353,6.25e-05,0.0003535,0.0001485,0.000745,0.005692
img_01552.jpg,0.9571955,0.005307,0.010143,0.000957,0.0006075,0.009974,0.0063415,0.0094745
img_01561.jpg,0.000562,3e-06,8.2e-05,0.000482,0.997146,0.000903,2.8e-05,0.000795
img_01562.jpg,0.4776675,0.000631,0.0001715,0.0006095,9.2e-05,0.002038,0.02087,0.497921
img_01571.jpg,0.859409,0.131545,0.000193,0.000342,0.000859,0.004121,0.001225,0.0023065
img_01593.jpg,0.530819,0.141198,0.0012725,0.003359,0.0029685,0.01198,0.001189,0.3072145
img_01595.jpg,1e-05,0.001167,0.00197,0.000251,0.99348,2.7e-05,0.000104,0.002992
img_01616.jpg,0.9379755,0.021499,0.002029,0.0018835,0.0036055,0.01213,0.016847,0.0040315
img_01618.jpg,0.8588975,0.007641,0.001569,0.005715,0.040474,0.080015,0.0051425,0.000546
img_01627.jpg,0.96106325,0.02346025,0.00048275,0.00056975,0.000323,0.00667375,0.00047625,0.00695025
img_01632.jpg,0.953858,0.001759,0.00128,0.000222,0.032693,0.000462,0.000214,0.009512
img_01633.jpg,0.895093,0.002543,0.00043,0.0013245,0.000253,0.074022,0.0004675,0.0258665
img_01640.jpg,0.9965025,0.0014455,2.2e-05,4.7e-05,0.0005575,4.05e-05,5.9e-05,0.0013255
img_01646.jpg,0.971902,0.017776,0.000374,0.001325,0.0024755,0.00415,0.0014585,0.0005385
img_01647.jpg,0.637119,0.002524,0.000144,0.000128,0.358763,7.4e-05,0.000382,0.000866
img_01649.jpg,0.6340415,0.0147135,0.014819,0.0490785,0.207877,0.0381215,0.007213,0.0341355
img_01657.jpg,0.000933,0.0129065,0.6805415,0.001365,0.0073135,0.002792,0.0001985,0.2939495
img_01669.jpg,0.279195,0.067998,0.025359,0.51334,0.060224,0.048661,0.003407,0.001817
img_01673.jpg,0.858978,0.002074,0.000136,9e-05,0.122155,0.000486,6e-05,0.016019
img_01681.jpg,0.44569,0.0087625,0.00366,0.001153,0.000757,0.0028045,0.0174135,0.5197605
img_01684.jpg,0.901544666666667,0.028,0.002067,0.00113133333333333,0.000897666666666667,0.003835,0.000675333333333333,0.0618496666666667
img_01685.jpg,0.189345,0.008312,0.15014,0.003016,0.115998,0.518914,0.006338,0.007937
img_01687.jpg,0.675555,0.003623,0.000175,0.000138,0.000456,0.000156,0.0008725,0.319024
img_01688.jpg,0.11701,0.0045575,0.000307,0.0001325,0.0008455,0.009874,0.007389,0.859884
img_01689.jpg,0.001562,0.004989,0.016346,0.000912,0.0061265,0.088815,0.002224,0.8790245
img_01716.jpg,0.00017,0.000674,0.000652,0.000354,0.996651,0.000187,6e-05,0.001252
img_01717.jpg,0.403732,0.152284,0.001918,0.002944,0.420014,0.000931,0.009609,0.008568
img_01724.jpg,0.906985,0.0045415,0.01277,0.0003835,0.0065035,0.051113,0.0005435,0.0171605
img_01745.jpg,0.988672,0.0003195,0.0063415,0.000651,0.0006375,0.00148,5.65e-05,0.0018425
img_01771.jpg,0.9680185,0.0004585,0.002826,0.0005965,0.000498,0.026645,0.0001775,0.0007805
img_01773.jpg,0.477257,0.00776,0.0007185,0.000906,0.0009095,0.003165,0.0422325,0.467052
img_01781.jpg,0.386947,0.010743,0.003596,0.036604,0.475211,0.083153,0.003421,0.000324
img_01782.jpg,0.000217,0.003107,0.001095,0.000407,0.993909,8e-05,5.3e-05,0.001131
img_01802.jpg,0.565664,0.03752,0.000491,0.001582,0.331173,0.008568,0.004141,0.050861
img_01803.jpg,0.001463,0.114668,0.762836,0.001309,0.001483,0.009057,0.000726,0.108458
img_01824.jpg,0.882179,0.0037955,0.0005725,0.0018665,0.0003765,0.0624925,0.0011225,0.047595
img_01825.jpg,0.383002,0.431478,0.130448,0.002941,0.013429,0.001226,0.00118,0.036297
img_01831.jpg,0.496988,0.0006025,0.008989,0.47004,0.002891,0.013647,0.0005195,0.0063225
img_01834.jpg,0.299169,0.0085005,0.025892,6e-04,0.0004295,0.000552,0.000592,0.664265
img_01847.jpg,0.030685,0.0059875,0.00021,0.0003705,0.000557,0.003107,0.000234,0.9588485
img_01853.jpg,0.0497705,0.112811,0.0002565,0.000528,0.0029895,0.0014645,0.0004835,0.831697
img_01856.jpg,0.998589,5e-06,1.6e-05,4e-06,0.000103,1.1e-05,7e-06,0.001264
img_01860.jpg,0.977142,0.001017,0.004087,0.0006255,0.004938,0.0045805,0.0004975,0.007111
img_01862.jpg,0.929209,9.7e-05,0.017835,0.000336,0.007279,0.027502,0.000723,0.01702
img_01874.jpg,0.717007,0.000758,0.0005535,0.0011835,0.037028,0.209979,0.004126,0.029364
img_01888.jpg,0.084589,0.034018,0.0013215,0.0070525,0.000628,0.8146645,0.0026855,0.0550415
img_01918.jpg,0.0181575,0.002611,0.0265035,0.934974,0.000714,0.000149,0.0007565,0.016135
img_01930.jpg,0.9463535,0.014706,0.0264765,0.0016995,0.0009655,0.0078785,0.000932,0.000988
img_01932.jpg,0.7126865,0.002699,0.001126,0.030861,0.004254,0.002534,0.0037035,0.2421365
img_01955.jpg,5e-07,2e-06,9.5e-06,2e-06,5e-07,2e-06,1.5e-06,0.9999825
img_01963.jpg,0.9976325,0.000103,0.0005825,6.65e-05,7.6e-05,0.0001685,0.000191,0.0011805
img_01966.jpg,0.9250345,0.062586,0.00026,0.0013695,0.0011975,0.002834,0.004107,0.0026115
img_01976.jpg,0.9182565,0.017851,0.0006215,0.0006335,0.006062,0.000348,0.0010625,0.055165
img_01983.jpg,0.8773515,0.0058165,0.002976,0.0027595,0.0932365,0.0027525,0.0002095,0.014898
img_01984.jpg,0.359712,0.0281676666666667,0.000683666666666667,0.00108233333333333,0.000987333333333333,0.000708,0.000243,0.608416333333333
img_01995.jpg,0.0329915,0.3585495,0.00525,0.35945,0.011766,0.1411935,0.00612,0.0846795
img_01996.jpg,0.0948865,0.000572,0.001329,0.000155,0.0002895,0.89558,0.0024035,0.0047845
img_02001.jpg,0.6061335,0.006725,0.001697,0.0075515,0.1412965,0.1893655,0.0391135,0.0081175
img_02006.jpg,0.710117,0.006405,0.029291,0.098606,0.02199,0.088596,0.009307,0.035688
img_02066.jpg,0.826017,0.0109115,0.0056475,0.009078,0.0586405,0.0083775,0.002813,0.0785155
img_02074.jpg,0.990157,0.0046415,0.0002945,0.0022905,0.0004945,0.0009125,0.0001455,0.001064
img_02076.jpg,0.027081,0.95137,0.0010755,0.002328,0.0024445,0.000135,0.0014695,0.0140965
img_02077.jpg,0.560839,0.013809,0.015027,0.2675205,0.011819,0.123106,0.0066245,0.001255
img_02078.jpg,0.257281,0.00715,0.452793,0.004183,0.134726,0.001077,0.006417,0.136374
img_02082.jpg,0.092317,6.9e-05,0.002555,0.001607,0.860768,0.00539,0.03431,0.002984
img_02083.jpg,0.000696,4.1e-05,1.1e-05,5.9e-05,0.99858,0.000573,3e-05,1.2e-05
img_02096.jpg,0.998036,0.0012035,0.000121,5.85e-05,7.45e-05,0.000116,0.0002765,0.0001145
img_02119.jpg,0.926494,0.0088555,0.0458795,0.000807,0.0009605,0.007133,0.0001325,0.009738
img_02124.jpg,0.112693,0.0001355,0.000226,6.1e-05,0.0004115,0.885139,0.000633,7e-04
img_02135.jpg,0.038351,0.001184,5.6e-05,0.000483,0.956028,0.000549,0.002825,0.000524
img_02146.jpg,0.832762,0.001625,0.003216,0.0002635,0.1181645,0.00371,0.000559,0.039699
img_02159.jpg,0.090779,0.01509,0.0041,0.007517,0.840847,0.041125,0.000523,1.7e-05
img_02172.jpg,0.8843355,0.0254035,0.0166765,0.0004465,0.0030205,0.0552565,0.002423,0.0124385
img_02180.jpg,0.944979,0.0013725,0.0111715,0.0007565,0.0004075,0.035276,0.0013245,0.004713
img_02188.jpg,0.421117,0.034062,0.002466,0.0057155,0.000784,0.01872,0.0991085,0.418026
img_02194.jpg,0.993499,4e-06,4.8e-05,4.5e-05,0.005815,0.000425,4.2e-05,0.000122
img_02209.jpg,0.0851,0.0004555,0.000568,0.0002795,0.0014685,0.909554,0.002055,0.0005195
img_02216.jpg,0.102643,0.353674,0.014847,0.000204,0.021382,0.005919,6e-04,0.500731
img_02231.jpg,0.329511,0.0014475,0.007304,0.520599,0.0407585,0.093843,0.0031785,0.0033575
img_02235.jpg,0.042893,0.3252185,0.0040755,0.2796865,0.068944,0.0945965,0.006234,0.178352
img_02252.jpg,0.9793255,0.0012995,0.001946,0.000441,0.0088335,0.0004205,0.0041085,0.0036255
img_02268.jpg,0.7723855,0.029046,0.0168435,0.050898,0.0111265,0.0738925,0.0050875,0.0407195
img_02270.jpg,0.9261505,0.0031965,0.0032585,0.002467,0.0357425,0.019998,0.0012145,0.007972
img_02281.jpg,0.666188,0.0018205,0.007182,0.300282,0.012007,0.001735,0.001161,0.009625
img_02282.jpg,3.5e-06,0.000236,0.0003415,3.3e-05,7e-06,0.000272,0.000211,0.9988965
img_02285.jpg,0.678064,4.3e-05,0.000406,0.000384,0.316183,0.002979,0.001822,0.000119
img_02291.jpg,0.9866425,0.00908,0.000334,0.0003635,0.000526,0.0008505,0.0003045,0.0018985
img_02299.jpg,0.7091445,0.1117495,0.003226,0.016386,0.002215,0.01533,0.0070585,0.1348905
img_02305.jpg,0.049415,0.399251,0.0023455,0.3333055,0.043314,0.0265455,0.0047555,0.141067
img_02307.jpg,0.57916,0.000456,0.0001745,0.0001845,0.0003695,0.0050725,0.0009345,0.413649
img_02309.jpg,0.997655,0.001361,2.75e-05,3.15e-05,0.0003155,2.65e-05,0.0001305,0.000451
img_02318.jpg,0.1134405,0.042854,0.0258455,0.0026775,0.011717,0.057347,0.0023905,0.7437285
img_02347.jpg,0.858169,0.010165,0.00188,0.000953,0.1138,0.000488,9.8e-05,0.014448
img_02356.jpg,0.0024845,5.85e-05,4.2e-05,0.0001165,0.000898,8.5e-06,0.0004095,0.995982
img_02367.jpg,0.867823,0.0030135,0.0005875,0.0018355,0.074341,0.0046315,0.0063715,0.041396
img_02372.jpg,9.8e-05,4.4e-05,4.2e-05,7.2e-05,0.999309,0.000379,1.6e-05,4.1e-05
img_02379.jpg,0.4959445,0.023582,8.1e-05,3.15e-05,0.0004825,0.000132,0.0012025,0.478544
img_02384.jpg,0.7274415,0.002345,0.0010115,0.0010665,0.0014055,0.0165515,0.0040875,0.246091
img_02398.jpg,0.8062745,0.0114625,0.002567,0.029684,0.0179935,0.070915,0.0018975,0.059206
img_02400.jpg,0.9344965,0.025906,0.011318,0.0005105,0.004372,0.0216375,0.000151,0.0016085
img_02406.jpg,0.195811,0.0052225,0.018239,0.5559145,0.0093255,0.209891,0.0040485,0.001548
img_02412.jpg,0.7412845,0.0006385,0.000677,0.0002855,0.0092145,0.0020905,0.0004985,0.2453105
img_02416.jpg,0.0940405,0.181913,0.0368025,0.007327,0.315037,0.059605,0.0200975,0.285177
img_02422.jpg,0.925221,0.012032,0.000358,0.000489,0.000948,0.031299,0.0028285,0.0268235
img_02479.jpg,4.4e-05,1.2e-05,0.000197,8e-05,0.998314,9e-06,0.00076,0.000583
img_02486.jpg,0.821498333333333,0.104380666666667,0.00383633333333333,0.00860966666666667,0.00305966666666667,0.0510693333333333,0.00131066666666667,0.006236
img_02487.jpg,0.946947,0.000829,4e-05,7.7e-05,0.003642,0.000123,0.000239,0.048102
img_02507.jpg,0.512988,0.009981,0.316751,0.004204,0.036673,0.088129,0.014303,0.016971
img_02522.jpg,0.8717785,0.0209115,0.0017325,0.010002,0.0394185,0.0382185,0.0009705,0.016968
img_02540.jpg,0.576107,0.135151,0.058774,0.005751,0.012164,0.1532205,0.0102715,0.0485605
img_02546.jpg,0.022028,0.006779,0.012916,0.005838,0.499777,0.043757,0.014403,0.394502
img_02556.jpg,0.049093,0.004042,0.0001165,0.0001205,0.0002515,0.0002225,4.05e-05,0.9461135
img_02560.jpg,0.017196,0.000768,8.3e-05,0.000501,0.980612,0.000315,0.000386,0.000139
img_02563.jpg,0.00021,3.3e-05,4.2e-05,0.00034,0.994902,0.004182,0.00028,1.2e-05
img_02565.jpg,0.8739315,0.0014895,0.001137,0.000759,0.032384,0.025403,0.0030235,0.061873
img_02573.jpg,0.194563,0.2984,0.013523,0.002652,0.119019,0.066771,0.000409,0.304664
img_02574.jpg,0.0606575,0.0223075,0.0027205,0.010204,0.112162,0.0415135,0.0127025,0.737733
img_02602.jpg,0.730167,0.110579,0.001653,0.0044325,0.116789,0.0171585,0.004644,0.014577
img_02607.jpg,0.5434365,0.0035685,0.0046715,0.002973,0.336212,0.0518045,0.001153,0.056181
img_02622.jpg,0.9577915,0.01609,0.0006465,0.0012675,0.000811,0.0136385,0.002187,0.0075685
img_02625.jpg,0.12779,0.0003485,0.0004645,0.0001585,0.000572,0.863541,0.001958,0.0051685
img_02636.jpg,0.6320555,0.0321305,0.0015475,0.0007765,0.1602585,0.000141,0.006148,0.1669435
img_02638.jpg,0.964642,0.001117,0.0020605,0.0019155,0.0007405,0.0009075,0.0003275,0.0282895
img_02641.jpg,0.951669,0.000442,0.001895,0.001451,0.004127,0.008869,0.000479,0.031068
img_02646.jpg,0.0013005,0.002121,0.0010645,0.000167,0.000665,0.000532,0.000315,0.993834
img_02648.jpg,0.023648,0.01121,0.127628,0.002002,0.001146,0.086031,0.001279,0.747055
img_02651.jpg,0.9977705,0.000183,3.5e-05,8e-06,6.45e-05,1.65e-05,2.3e-05,0.0018985
img_02656.jpg,0.98283,0.005249,0.000262,0.0019625,0.0001505,0.000518,0.000267,0.0087605
img_02666.jpg,0.9799615,0.0013845,0.002455,0.0009595,0.0057595,0.0007175,0.00043,0.0083325
img_02679.jpg,0.208732,0.787028,0.000408,0.000164,0.001159,6.7e-05,0.00012,0.002322
img_02687.jpg,0.079499,0.032019,0.001609,0.000748,0.0034385,0.0036465,0.0140205,0.865019
img_02699.jpg,0.8615445,0.0046425,0.0023795,0.0036455,0.034953,0.0280555,0.0386435,0.026135
img_02702.jpg,0.999512,2.7e-05,4.8e-05,1.4e-05,2e-04,1.7e-05,9.4e-05,8.8e-05
img_02703.jpg,0.4937065,0.000378,0.0001105,0.000414,0.001338,0.0004475,0.015818,0.487787
img_02709.jpg,0.88421,0.0212045,0.006522,0.0270285,0.007911,0.038883,0.0017815,0.0124585
img_02726.jpg,0.8938365,0.0046485,0.003066,0.0010025,0.086501,0.0017655,6.35e-05,0.0091165
img_02733.jpg,0.9293915,0.0009645,0.0150365,0.006513,0.009003,0.006119,0.000998,0.0319745
img_02734.jpg,0.717825,0.040408,0.0115335,0.021241,0.004077,0.1827825,0.010861,0.011272
img_02739.jpg,0.998384,0.000756,2.2e-05,2.95e-05,0.0001545,2.7e-05,0.000216,0.0004105
img_02749.jpg,0.482092,0.0008355,0.0109175,0.4729845,0.0073145,0.019685,0.0003305,0.0058405
img_02759.jpg,0.11898,0.029763,0.0021575,0.000382,0.000623,0.0048985,0.000959,0.842237
img_02764.jpg,0.997256,2.7e-05,3.75e-05,2.75e-05,0.0020055,0.000175,3.2e-05,0.0004395
img_02766.jpg,0.953997,0.0080275,0.0132385,0.0011035,0.0024415,0.0041685,0.013103,0.00392
img_02769.jpg,0.052885,0.007665,0.002885,0.0001785,0.0001985,0.0011355,0.0009415,0.934111
img_02771.jpg,0.973465,0.012171,0.00037925,0.00099025,0.00065,0.0113915,0.00010675,0.00084725
img_02789.jpg,0.209475,0.000132,0.003562,0.001843,0.754383,0.000842,0.028049,0.001715
img_02799.jpg,0.9781955,0.007636,7.25e-05,0.000161,0.012091,0.0006615,0.000206,0.0009755
img_02808.jpg,0.942254666666667,0.0298526666666667,0.001783,0.003217,0.00056,0.003226,0.000227666666666667,0.018879
img_02811.jpg,0.9663485,0.000255,0.001448,0.0019475,0.0013425,0.0170595,0.000519,0.01108
img_02830.jpg,0.426,0.0811185,0.0004725,0.0025465,0.0063925,0.1714065,0.122674,0.189389
img_02834.jpg,0.358941,0.00531,0.000594,0.000769,9.3e-05,0.00039,0.003812,0.630091
img_02837.jpg,0.4803665,0.0096265,0.002974,0.001133,0.001999,0.001922,0.0007605,0.501218
img_02838.jpg,0.852029666666667,0.123636333333333,0.00115833333333333,0.001881,0.00086,0.0132233333333333,0.000479333333333333,0.00673233333333333
img_02842.jpg,0.0831095,0.000253,0.000442,0.000163,0.001408,0.9123605,0.0019545,0.00031
img_02857.jpg,0.283885,0.156593,0.013845,0.003085,0.522911,0.002946,0.001941,0.014794
img_02865.jpg,0.025991,0.000555,0.004858,0.002813,0.622594,0.007948,0.000735,0.334506
img_02871.jpg,0.336526,0.0713015,0.0002895,0.002519,0.0078845,0.1279495,0.1725895,0.2809405
img_02876.jpg,0.3808595,0.0044475,0.068304,0.0012045,0.0006095,0.000248,0.0007505,0.543576
img_02889.jpg,0.863162,0.019761,0.0065345,0.018516,0.0093175,0.06098,0.0027035,0.019026
img_02890.jpg,0.6322485,0.0103125,0.0235785,0.0428835,0.0087885,0.2397775,0.010391,0.032019
img_02899.jpg,0.924293,0.0017035,0.002306,0.0309595,0.0026185,0.03212,0.0023335,0.0036655
img_02904.jpg,0.93345,0.0044245,0.0171905,0.005697,0.0103795,0.0273375,0.0007415,0.0007795
img_02911.jpg,0.609422,0.0024925,0.0193655,0.349501,0.0057765,0.0029505,0.0013485,0.009143
img_02916.jpg,0.781660333333333,0.009362,0.007037,0.003841,0.010453,0.180890333333333,0.001438,0.005319
img_02920.jpg,0.93742875,0.02657075,0.0005595,0.0009415,0.00184775,0.03039725,0.0006895,0.0015645
img_02943.jpg,0.9612645,0.0077225,0.004968,0.0018625,0.0021495,0.0157205,0.0048405,0.0014725
img_02949.jpg,0.85221,0.005305,0.04866,0.009318,0.001782,0.0813055,0.0007175,0.0007015
img_02954.jpg,0.045793,0.392648,0.097227,0.000323,0.245085,0.00178,0.000772,0.216371
img_02956.jpg,0.7503645,0.007247,0.000215,8.85e-05,0.001002,0.0001135,0.0055265,0.235442
img_02964.jpg,0.000455,0.0016835,0.0027185,5.3e-05,8.45e-05,0.000628,3.35e-05,0.9943445
img_02974.jpg,0.965828,0.0103325,0.00018,0.000334,0.0109045,0.000417,0.002203,0.0098015
img_02977.jpg,0.6452395,0.2052495,0.0036465,0.0048355,0.1347505,0.000468,0.0014675,0.004343
img_02993.jpg,0.011317,0.0051815,0.000348,5.4e-05,2.6e-05,0.0001805,0.001406,0.9814875
img_03014.jpg,5.1e-05,0.000845,0.000233,0.000219,0.996597,0.000223,2.4e-05,0.001808
img_03043.jpg,0.0011165,0.001751,0.006314,0.0002465,0.000756,0.0067425,0.0033835,0.9796905
img_03055.jpg,0.926298,0.0355083333333333,0.00236566666666667,0.00535766666666667,0.002568,0.0179153333333333,0.000335333333333333,0.00965066666666667
img_03064.jpg,0.9013425,0.001127,0.020125,0.0013285,0.007517,0.020586,0.0074355,0.040539
img_03069.jpg,0.2176215,0.145307,0.030767,0.3798405,0.0073625,0.0120135,0.0062885,0.2008
img_03074.jpg,0.988116,0.0034095,0.000168,0.000505,0.000449,0.006936,0.0003605,5.7e-05
img_03078.jpg,0.84193725,0.130035,0.0083675,0.00632825,0.00043,0.0036235,0.00163425,0.007644
img_03080.jpg,0.9820655,0.008,0.0002535,0.000458,0.000409,0.003351,0.0016815,0.0037815
img_03082.jpg,0.8928005,0.093456,0.000199,0.0088315,0.0003115,0.000136,0.0005795,0.0036855
img_03087.jpg,0.007742,4.9e-05,0.000964,0.000604,0.989525,0.000928,0.000159,2.9e-05
img_03116.jpg,0.005985,0.012659,0.003223,0.000832,0.60233,0.001648,0.000222,0.373101
img_03128.jpg,0.913266,0.0216535,0.000749,0.0016825,0.002565,0.011795,0.0001185,0.04817
img_03135.jpg,0.0234665,0.0029335,9.4e-05,8.3e-05,0.0002055,0.000232,3.65e-05,0.9729485
img_03140.jpg,0.780411,0.114929,0.002228,0.0083485,0.0333585,0.0178725,0.011318,0.0315335
img_03166.jpg,0.618633,0.031154,0.000421,0.001602,0.276937,0.008304,0.005434,0.057514
img_03169.jpg,0.000536,0.007411,0.663248,0.001723,0.006365,0.00078,0.00034,0.319598
img_03181.jpg,0.437111,0.001951,0.000569,8.7e-05,0.012472,0.539876,0.000298,0.007637
img_03195.jpg,0.7744165,0.006046,0.005022,0.0111455,0.0043595,0.061034,0.1018685,0.036107
img_03199.jpg,0.9938145,0.000703,0.0009035,0.000325,0.000272,0.0013215,0.0004045,0.002256
img_03210.jpg,0.003423,0.009842,0.2298185,0.001818,0.0012105,0.006905,0.000179,0.746803
img_03220.jpg,0.8279145,0.003639,0.001223,0.003787,0.1188855,0.035116,0.0024065,0.007029
img_03222.jpg,0.8006065,0.0163765,0.0003555,0.0015305,0.0032105,0.173106,0.0021415,0.002673
img_03223.jpg,0.3912465,0.09135,0.00019,0.000514,0.0002965,0.001864,0.0007835,0.5137565
img_03228.jpg,0.586695,0.031346,0.004762,0.283721,0.002056,0.008618,0.0076945,0.0751085
img_03229.jpg,0.3408275,0.0008945,0.0028665,0.002468,0.0051685,0.0085415,0.6178855,0.021349
img_03231.jpg,0.704635,0.002352,0.09552,0.021019,0.079575,0.076065,0.001531,0.019303
img_03238.jpg,0.8683835,0.0040045,0.002457,0.0017925,0.0036025,0.106975,0.001897,0.010889
img_03239.jpg,0.000182,0.021183,0.000943,0.0030225,0.0127055,0.0048225,0.956031,0.001109
img_03252.jpg,0.975385,0.0050955,0.00052,0.000162,0.000593,0.017267,0.00049,0.000488
img_03254.jpg,0.100532,0.0004365,0.0003985,0.0001095,0.0010835,0.8957915,0.0011235,0.0005245
img_03260.jpg,0.9174005,0.0006515,0.003869,0.001367,0.004342,0.070692,0.0002315,0.0014465
img_03261.jpg,0.8848775,0.06733,0.0082155,0.006953,0.0023585,0.002813,0.00022,0.0272325
img_03270.jpg,0.1107725,0.000238,4e-05,0.0001665,0.0020185,8e-05,0.002528,0.884157
img_03283.jpg,0.009343,0.0131745,0.0049265,0.0181595,0.0013895,0.000511,0.003287,0.949209
img_03290.jpg,0.0199815,0.0001535,0.0001635,6.5e-05,0.001092,0.0047205,0.000146,0.973678
img_03297.jpg,0.93695,0.046933,0.0049235,0.001742,0.002521,0.00565,0.000207,0.001074
img_03310.jpg,0.849626,0.017346,0.001853,0.000799,0.0047305,0.121877,0.002547,0.001222
img_03312.jpg,0.5558045,0.25828525,0.00098625,0.0029855,0.00141425,0.024487,0.004395,0.151642
img_03324.jpg,0.1584195,0.0019195,0.024924,0.000371,7.2e-05,0.000631,0.0005015,0.8131625
img_03333.jpg,0.9767365,0.001168,0.000162,0.000747,0.0001315,0.016949,0.001567,0.002538
img_03342.jpg,0.721197,0.034468,0.003846,0.001385,0.002077,0.063782,0.0035625,0.1696825
img_03346.jpg,0.9333515,0.0082765,0.00196,0.0024625,0.012674,0.037372,0.000658,0.003246
img_03355.jpg,0.5015265,0.000307,0.0001985,0.00044,0.000102,0.0008925,0.0297935,0.4667395
img_03361.jpg,0.259915,0.5447225,0.034137,0.008012,0.017509,0.005706,0.0635575,0.0664405
img_03370.jpg,0.9789025,0.0004955,0.0010235,0.000377,0.000152,0.015093,6.35e-05,0.0038925
img_03399.jpg,0.4077815,0.0145085,0.0003995,0.0005315,0.012121,0.564135,0.000466,5.7e-05
img_03410.jpg,0.17095,8.3e-05,0.000276,0.000428,0.823526,0.000124,0.000756,0.003858
img_03422.jpg,0.920773,0.0522676666666667,0.00444333333333333,0.009135,0.00069,0.00878166666666667,0.000145333333333333,0.00376333333333333
img_03426.jpg,0.995602,0.0011415,0.0003675,0.000446,0.0001735,0.0007555,0.00017,0.0013435
img_03439.jpg,0.487411,0.000645,0.006304,0.4765955,0.00431,0.0184305,0.0003825,0.005921
img_03440.jpg,0.008694,0.0071065,0.0120765,9.55e-05,0.000186,9.55e-05,0.0001985,0.971547
img_03444.jpg,0.939656,0.0438845,9.4e-05,0.0001125,0.000165,6.7e-05,0.00031,0.015711
img_03445.jpg,0.497205,0.000284,0.000122,0.00014,0.500682,5.2e-05,0.000166,0.00135
img_03446.jpg,0.000115,0.13578,0.4697725,0.001709,0.003476,0.013653,0.0002475,0.3752465
img_03452.jpg,0.1315835,0.860989,6.15e-05,0.000199,0.0001475,7.35e-05,0.003544,0.0034025
img_03454.jpg,0.841288,0.00013,0.003209,0.0007315,0.118753,0.0027275,0.0112045,0.021957
img_03456.jpg,4.3e-05,0.001254,0.00036,0.000386,0.994849,0.000356,2.5e-05,0.002727
img_03457.jpg,0.8232145,0.003263,0.027671,0.001592,0.0240595,0.1083705,0.000867,0.010963
img_03471.jpg,0.143762,0.2576315,0.0185035,0.4769045,0.001088,0.0949905,0.0017095,0.0054105
img_03475.jpg,0.01725,0.001616,0.001512,0.000286,0.967991,0.008927,0.000827,0.001591
img_03488.jpg,0.851643,0.07797,0.000495,0.00144166666666667,0.00278633333333333,0.062916,0.001325,0.00142333333333333
img_03490.jpg,0.0921415,0.246684,0.0246075,0.007886,0.260178,0.0467385,0.024192,0.297572
img_03502.jpg,0.9102355,0.00311,0.0035005,0.001078,0.00471,0.05109,0.002767,0.0235095
img_03504.jpg,0.6167145,0.019606,0.0002735,0.0002275,0.0129865,0.342291,0.0017595,0.006141
img_03520.jpg,0.8237675,0.0106365,0.004938,0.008602,0.096278,0.011681,0.002098,0.0419995
img_03527.jpg,0.000227,0.003209,0.170859,0.001082,0.001595,0.001491,0.000652,0.820885
img_03547.jpg,0.953218,0.028954,0.0005065,0.0017645,0.0017445,0.0027655,0.0007425,0.0103035
img_03548.jpg,0.485384,0.0073285,0.002461,0.001613,0.0039895,0.3169625,0.002654,0.1796075
img_03554.jpg,0.9646905,0.017247,0.000115,0.000234,0.0157845,0.000462,0.0002745,0.001192
img_03563.jpg,0.927402,0.05159,0.00011,0.00745,0.000567,3.4e-05,0.000722,0.012125
img_03581.jpg,0.488465,0.000505,0.008203,0.473218,0.004973,0.019599,0.0004025,0.004635
img_03584.jpg,7.3e-05,0.017457,0.0054035,6.7e-05,0.0205,3.4e-05,0.000121,0.956344
img_03587.jpg,0.0327655,0.027777,0.000508,0.002694,0.000507,0.0023445,0.001098,0.9323055
img_03588.jpg,0.291866,2.8e-05,0.000332,0.000118,0.000494,0.70422,0.001723,0.00122
img_03602.jpg,0.113368,0.0005755,0.000322,0.0001415,0.0009905,0.8828135,0.0014865,0.000303
