image,ALB,BET,DOL,LAG,NoF,OTHER,SHARK,YFT
img_00005.jpg,4.4e-05,0,0.000104,9e-06,0.999438,2e-05,0.000385,0
img_00007.jpg,0.060657,0.009776,0.0126665,0.0134165,0.001169,0.0006625,0.002006,0.8996465
img_00009.jpg,0.704512666666667,0.177223666666667,0.019051,0.0113693333333333,0.003716,0.062801,0.00216433333333333,0.019162
img_00018.jpg,0.576404,0.0489773333333333,0.0169886666666667,0.011436,0.002828,0.332278,0.002508,0.00858
img_00027.jpg,0.6334525,0.145073,0.000444,0.0010235,0.002684,0.183618,0.0005185,0.033186
img_00030.jpg,0.056733,0.008444,0.018852,0.007912,0.584403,0.016358,0.300858,0.00644
img_00040.jpg,0.186268,0.022368,0.008269,0.004561,0.0109465,0.2754455,0.401556,0.090585
img_00046.jpg,0.553575,0.000708,0.003266,0.000415,0.427044,0.010695,0.003158,0.001139
img_00053.jpg,0.8892895,0.0231985,0.011653,0.003399,0.010451,0.0440265,0.0055655,0.012417
img_00071.jpg,0.0957696666666667,0.00222566666666667,0.00838866666666667,0.702617666666667,0.0100353333333333,0.169248,0.002243,0.00947266666666667
img_00075.jpg,0.274001,0.031815,0.000343,0.000743,0.008781,0.682073,0.002149,9.5e-05
img_00102.jpg,0.0998875,0.1051365,0.004795,0.0021675,0.002531,0.10771,0.0022865,0.6754855
img_00103.jpg,0.958297666666667,0.0100553333333333,0.000395,0.000558333333333333,0.000437,0.013215,0.000662,0.0163806666666667
img_00109.jpg,0.9939105,0.0001875,0.0003035,7.3e-05,0.0028875,0.001939,0.0002935,0.000406
img_00119.jpg,0.370027,0.0099865,0.0049655,0.0018445,0.315322,0.0573475,0.0041605,0.236346
img_00120.jpg,0.6125755,0.0111205,0.0002285,0.000792,0.0001715,0.001444,0.0809895,0.292678
img_00125.jpg,0.676792666666667,0.00612666666666667,0.00760166666666667,0.00645633333333333,0.001552,0.017682,0.0169903333333333,0.266798
img_00128.jpg,0.0140815,0.0428565,0.3880735,0.0015405,0.003,0.0029385,0.000579,0.5469305
img_00129.jpg,0.168043,0.014025,0.0067855,0.0027525,0.01059,0.1106995,0.5575675,0.1295365
img_00133.jpg,0.4400225,0.016479,0.008407,0.00401,0.4581255,0.061854,0.003501,0.0076
img_00138.jpg,0.9152785,0.0179925,0.0080005,0.002367,0.0083765,0.0122145,0.0023915,0.033379
img_00141.jpg,0.0001355,0.000128,0.0032455,4.45e-05,3.65e-05,5.15e-05,0.00101,0.9953485
img_00152.jpg,0.0001875,0.005434,0.014743,0.0009215,0.0010855,0.0638155,0.1045475,0.8092655
img_00161.jpg,4.7e-05,7.75e-05,0.000999,1.2e-05,3.55e-05,0.000151,7.6e-05,0.998602
img_00164.jpg,0.000651,2.7e-05,0.002048,0.00016,0.931412,0.000148,8e-05,0.065474
img_00170.jpg,0.5037335,0.003628,0.0257015,0.3977375,0.014349,0.014363,0.000702,0.039786
img_00171.jpg,0.700673,0.01499,0.066809,0.0239033333333333,0.00230666666666667,0.183958666666667,0.00405233333333333,0.00330633333333333
img_00172.jpg,0.000263,3e-06,0.000227,4.6e-05,0.998815,8.1e-05,0.000521,4.4e-05
img_00175.jpg,0.540324333333333,0.00289133333333333,0.0161613333333333,0.0163133333333333,0.00447033333333333,0.395680666666667,0.00459166666666667,0.019567
img_00180.jpg,0.008957,9.85e-05,0.000372,0.0002115,0.0445725,6.9e-05,0.0002115,0.945508
img_00196.jpg,0.135647,0.000466,0.004206,0.001889,0.5393,0.02063,0.007822,0.290039
img_00212.jpg,0.1682115,0.0747955,0.005775,0.1437285,0.001767,0.000581,0.000807,0.6043335
img_00223.jpg,0.898936,0.0169165,0.022787,0.0024615,0.001451,0.040802,0.000883,0.015763
img_00230.jpg,0.79704625,0.18773575,0.00542625,0.00108975,0.00034975,0.004372,0.0006835,0.00329675
img_00232.jpg,0.0018495,0.0162345,0.008582,0.002028,0.00469,0.0049645,0.9587875,0.0028635
img_00244.jpg,0.524418,0.188758,0.001121,0.0019615,0.0025135,0.069747,0.0051185,0.2063635
img_00272.jpg,0.8544555,0.021849,0.091971,0.01404,0.0006885,0.008874,0.0007745,0.0073475
img_00280.jpg,0.559156,0.0007845,0.0165355,0.002169,0.4073015,0.0059375,0.001089,0.0070265
img_00282.jpg,0.560301,0.007302,0.018502,0.098894,0.007894,0.2995,0.007084,0.000524
img_00285.jpg,0.5244835,0.184116,0.002059,0.002358,0.0014955,0.115042,0.083251,0.087195
img_00289.jpg,0.80778,0.005075,0.0048135,0.0018455,0.162868,0.01174,0.000333,0.0055455
img_00292.jpg,0.6195935,0.1047765,0.000576,0.0014625,0.010995,0.118024,0.006788,0.1377855
img_00302.jpg,0.132807,0.016961,0.005135,0.002242,0.010516,0.1887415,0.580056,0.0635425
img_00311.jpg,0.999046,0.0001265,4.75e-05,0.0001575,0.000103,1.85e-05,1.2e-05,0.0004895
img_00320.jpg,0.991517,0.0039055,0.0004235,0.0001545,0.0007685,0.0020105,0.00076,0.000461
img_00331.jpg,0.695418,0.0109105,0.0013115,0.004406,0.0241895,0.1617965,0.098891,0.0030775
img_00358.jpg,0.0677165,0.3515455,0.0038545,0.0123835,0.0044255,0.4381245,0.0233545,0.0985955
img_00374.jpg,0.62407275,0.10960575,0.0018855,0.0014855,0.0005415,0.003991,0.0019115,0.25650625
img_00375.jpg,0.2660475,0.057846,0.1560335,0.0373515,0.096278,0.3805495,0.0032785,0.002616
img_00376.jpg,0.923548,0.014691,0.003756,0.003797,0.0084975,0.0038525,0.037137,0.0047215
img_00380.jpg,0.9615135,0.001283,0.030717,0.0007685,0.002094,0.002151,0.0010365,0.0004365
img_00383.jpg,0.994912,0.002214,0.0002375,0.00026,0.0017195,0.000233,4.15e-05,0.000382
img_00398.jpg,0.9132295,0.0303785,0.0013775,0.0017865,0.0280535,0.008279,0.009571,0.007324
img_00407.jpg,0.924516666666667,0.006308,0.00965233333333333,0.032538,0.00265733333333333,0.0201736666666667,0.001177,0.002977
img_00417.jpg,0.037143,0.0324105,0.0009185,0.0150445,0.00047,0.0001135,0.000926,0.9129735
img_00432.jpg,0.897748,0.0023955,0.0118325,0.003547,0.0331805,0.039508,0.0031685,0.00862
img_00442.jpg,8.5e-06,8.55e-05,0.0005045,1.05e-05,5e-06,3.7e-05,3.25e-05,0.999317
img_00446.jpg,0.8471385,0.027389,0.00098,0.004673,0.041647,0.022758,0.018593,0.036821
img_00469.jpg,0.6428585,0.0161085,0.00359,0.0535325,0.006307,0.012864,0.012113,0.2526265
img_00473.jpg,0.870903,0.0018955,0.0011065,0.0002015,0.011885,0.0029715,0.0001985,0.1108385
img_00483.jpg,0.99541,0.000164,1.2e-05,9e-06,0.001381,1.3e-05,4.5e-05,0.002966
img_00484.jpg,0.1073475,0.021126,0.003422,0.0028035,0.005889,0.002463,0.017251,0.8396985
img_00486.jpg,0.602178,0.1174075,0.161846,0.0886165,0.001305,0.0110895,0.007337,0.010221
img_00487.jpg,0.0126265,0.013969,0.0201565,0.113827,0.502487,0.0063515,0.0018045,0.328778
img_00493.jpg,0.300282,0.001562,0.117175,0.066985,0.346757,0.125767,0.009354,0.032116
img_00518.jpg,0.957458,0.00011,0.0133935,0.0002395,0.0147315,0.0007025,0.001605,0.01176
img_00533.jpg,0.0851235,0.163244,0.017852,0.0120635,0.002758,0.1473585,0.0637625,0.507838
img_00538.jpg,0.81903475,0.07024625,0.00165525,0.01021,0.003516,0.010896,0.00247625,0.0819655
img_00543.jpg,0.999667,5.45e-05,9e-06,1.75e-05,6.5e-05,1.1e-05,4e-06,0.000172
img_00550.jpg,0.65965,0.0071295,0.018443,0.0081575,0.0384845,0.2472745,0.0067105,0.014151
img_00551.jpg,0.7885295,0.0009175,0.0025075,0.0027015,0.004661,0.059804,0.001512,0.1393675
img_00564.jpg,8.4e-05,1e-06,0.000246,6.2e-05,0.999418,0.00014,3.3e-05,1.6e-05
img_00575.jpg,0.7753355,0.0088445,0.0010465,0.0023565,0.006641,0.016751,0.099161,0.089864
img_00582.jpg,0.492534,0.098513,0.0012715,0.0027955,0.008148,0.311939,0.04314,0.0416575
img_00584.jpg,0.623871,0.0008175,0.0296025,0.001451,0.334615,0.002645,0.0007575,0.00624
img_00587.jpg,0.308894,0.167831,0.000983,0.0065055,0.0012285,0.077064,0.000581,0.436914
img_00590.jpg,0.0222015,0.035397,0.0004595,0.000687,0.0004415,0.000362,0.0006115,0.93984
img_00591.jpg,0.0383995,0.011969,0.0017895,0.000444,0.0025295,0.012056,0.007614,0.9251985
img_00598.jpg,0.836545666666667,0.0200886666666667,0.00464833333333333,0.0269096666666667,0.004903,0.0330843333333333,0.013487,0.0603333333333333
img_00599.jpg,0.822163,0.0111025,0.0015955,0.002791,0.001786,0.005002,0.0631505,0.092411
img_00612.jpg,0.879669,0.0108705,0.000227,0.001145,0.000281,0.062307,0.0101115,0.0353895
img_00618.jpg,0.928418,6.6e-05,0.00051,0.000417,0.065091,0.0016,6.2e-05,0.003835
img_00620.jpg,0.9298315,0.013726,0.011918,0.0041195,0.0117445,0.016468,0.0089665,0.0032265
img_00642.jpg,0.328552666666667,0.003315,0.021566,0.631707333333333,0.00670633333333333,0.000868,0.000290666666666667,0.006994
img_00646.jpg,0.001884,0.013806,0.0482165,0.0033685,0.0083285,0.003126,0.011906,0.9093645
img_00648.jpg,0.9991535,7.4e-05,5e-05,0.000102,6.65e-05,1.65e-05,1e-05,0.000527
img_00650.jpg,0.47097,0.006987,0.0017765,0.0016315,0.0034315,0.449498,0.053223,0.0124825
img_00654.jpg,0.793304666666667,0.036276,0.028285,0.004932,0.0886026666666667,0.0424903333333333,0.001511,0.00459866666666667
img_00664.jpg,0.967104,0.0031865,0.0025045,0.0005705,0.0112625,0.0089265,0.001904,0.0045415
img_00667.jpg,0.05574,0.000688,0.003985,0.002508,0.478765,0.033081,0.012594,0.412639
img_00676.jpg,0.023488,0.000562,0.002326,0.000941,0.442101,0.042547,0.004564,0.483471
img_00697.jpg,3e-04,0.000117,0.0330635,0.0001245,0.000106,0.00013,0.0005195,0.96564
img_00708.jpg,0.196471,0.0403585,0.0034485,0.006936,0.010392,0.206731,0.0756325,0.4600305
img_00716.jpg,0.300616,0.118253,0.010261,0.0147995,0.0266285,0.277108,0.1160205,0.1363135
img_00717.jpg,0.500205,0.172705,0.003651,0.0023535,0.0019295,0.2905365,0.0169865,0.0116325
img_00718.jpg,0.956997,0.001348,0.000666,0.000989,0.002389,0.0189,0.000472,0.018239
img_00723.jpg,0.812741,0.016313,0.000746,0.0013225,0.142008,0.0142725,0.003605,0.0089925
img_00724.jpg,0.2196705,0.000569,0.006957,0.001788,0.0241915,0.0011965,0.1634285,0.5821985
img_00726.jpg,0.99231,0.0016725,0.000189,8.85e-05,0.0014355,0.0001995,0.00365,0.000456
img_00729.jpg,0.955988,0.000375,0.001168,0.000443,0.03664,0.004119,0.001204,6.2e-05
img_00730.jpg,0.0327105,0.0294685,0.0002335,0.0004035,0.0001875,0.0004005,0.001091,0.9355045
img_00757.jpg,0.8939385,0.024426,0.02025,0.0324395,0.00599,0.01133,0.004631,0.0069945
img_00760.jpg,0.047594,0.00143,0.063414,0.8622,0.017798,0.004924,0.001757,0.000884
img_00763.jpg,0.000274,0.00016,0.00065,0.000179,0.784206,9.7e-05,7.8e-05,0.214354
img_00764.jpg,0.0002435,0.002528,0.008696,0.000394,0.050673,0.00036,0.00012,0.9369855
img_00765.jpg,0.031965,0.0325495,0.0015495,0.0102115,0.002009,0.8769565,0.007545,0.037214
img_00772.jpg,0.1227205,0.013719,0.3699475,0.189781,0.044472,0.005561,0.0033015,0.250497
img_00773.jpg,0.756754,0.007721,0.179144,0.015235,0.001277,0.038445,0.000939,0.000485
img_00777.jpg,0.5526135,0.0735905,0.001026,0.0014675,0.006753,0.361453,0.0029815,0.0001155
img_00780.jpg,0.0111795,0.00853,0.053546,0.0020125,0.006445,0.075818,0.022992,0.819476
img_00798.jpg,0.4670685,0.044909,0.166689,0.0084295,0.003156,0.2180865,0.0405175,0.0511435
img_00808.jpg,0.808289333333333,0.0754013333333333,0.0139283333333333,0.009984,0.00264866666666667,0.072239,0.00163733333333333,0.0158716666666667
img_00816.jpg,0.876646,0.071962,0.008424,0.0001035,0.0012695,0.000143,7.85e-05,0.041373
img_00828.jpg,1e-06,2e-06,9.7e-05,1.3e-05,0.999757,2.5e-05,3.3e-05,7.3e-05
img_00833.jpg,0.14207,0.091443,0.001318,0.0080755,0.012202,0.2116245,0.07641,0.4568575
img_00837.jpg,0.977983,0.00345466666666667,0.000486666666666667,0.000712,0.00302666666666667,0.0130546666666667,0.000139,0.00114333333333333
img_00855.jpg,0.748500666666667,0.002096,0.00498466666666667,0.00800166666666667,0.00146,0.00369433333333333,0.000920333333333333,0.230342666666667
img_00857.jpg,0.953226,0.038885,0.0008545,0.000222,0.0011235,0.0033025,0.001181,0.0012055
img_00858.jpg,0.991087,0.004606,3.35e-05,7.75e-05,0.000777,0.0003325,0.0003805,0.002705
img_00865.jpg,0.964847,0.012709,0.00065,0.004764,0.000367666666666667,0.00391566666666667,0.00196,0.0107873333333333
img_00876.jpg,0.004476,0.00026,0.002321,0.001121,0.699392,0.038614,0.002956,0.25086
img_00889.jpg,0.006746,0.007412,0.051389,0.002256,0.001479,0.020923,0.006985,0.902809
img_00894.jpg,0.629509,0.009581,0.063458,0.113024,0.117449,0.015887,0.01869,0.032401
img_00902.jpg,0.001353,0.01732,0.007938,0.001303,0.0071775,0.002916,0.9586725,0.0033195
img_00914.jpg,0.0003705,0.000574,0.0178935,0.0002135,0.00362,0.001657,0.0003525,0.9753185
img_00921.jpg,0.741299,0.001851,0.0008805,0.0020645,0.089662,0.110113,0.0172175,0.036913
img_00927.jpg,0.1151745,0.007587,0.0005205,0.000789,0.001242,0.001187,0.0029815,0.8705195
img_00943.jpg,0.993111,0.000266,1.1e-05,8e-06,0.003862,2.1e-05,7.8e-05,0.002643
img_00948.jpg,0.553774,0.003404,0.023323,0.018958,0.30271,0.033125,0.017076,0.047629
img_00950.jpg,0.044541,0.000114,0.001977,0.000406,0.944646,0.001157,0.000375,0.006785
img_00959.jpg,0.980898,0.0002325,5.25e-05,8.25e-05,0.011382,0.0062725,0.000673,0.0004065
img_00962.jpg,0.0013205,0.008067,0.110943,0.00044,0.00091,0.0013625,0.0001785,0.876778
img_00964.jpg,0.0018,0.029919,0.918322,0.00171,0.000561,0.023426,0.00134,0.022921
img_00966.jpg,0.831984,0.012621,0.0030735,0.000414,0.130587,0.0048695,0.003405,0.0130465
img_00974.jpg,0.8583995,0.04285,0.002519,0.00656,0.001197,0.016427,0.0045965,0.0674505
img_00979.jpg,0.255415,0.002729,0.188187,0.003212,0.000517,0.003704,0.0017015,0.5445345
img_00982.jpg,0.554735,0.1921,0.013687,0.005698,0.0403285,0.1594765,0.0105315,0.023444
img_00985.jpg,0.594406666666667,0.129190666666667,0.002062,0.003689,0.00340366666666667,0.0711523333333333,0.0783743333333333,0.117721333333333
img_00999.jpg,0.968435,0.00849466666666667,0.000256333333333333,0.000415666666666667,0.001784,0.00967033333333333,0.000764,0.0101806666666667
img_01022.jpg,0.825964,0.0035615,0.005418,0.0477705,0.0411695,0.065802,0.002462,0.0078525
img_01031.jpg,0.818781333333333,0.003887,0.006288,0.00200166666666667,0.00690833333333333,0.145506,0.00795233333333333,0.00867466666666667
img_01035.jpg,0.6446815,0.0131155,0.0005245,0.000617,0.0042125,0.335228,0.001589,3.25e-05
img_01043.jpg,0.502231,0.0028675,0.000444,0.0019605,0.4890545,0.001229,0.0020145,0.0001995
img_01058.jpg,0.941321,0.0024805,0.0013965,0.0002845,0.0058275,0.0004585,0.001924,0.046307
img_01059.jpg,0.2358595,0.006979,0.000564,0.000552,0.0006735,0.203401,0.005837,0.546134
img_01090.jpg,0.603553,0.001678,0.046277,0.002031,0.3146025,0.003943,0.007508,0.0204075
img_01102.jpg,0.4279645,0.094712,0.009686,0.0144205,0.0013485,0.000266,0.0177175,0.433885
img_01103.jpg,0.6169315,0.0567135,0.018224,0.0075845,0.001827,0.001854,0.154767,0.1420995
img_01116.jpg,0.704256,0.077687,0.00499233333333333,0.015209,0.002244,0.183060333333333,0.00258766666666667,0.00996333333333333
img_01134.jpg,0.815967,0.0035625,0.003611,0.001708,0.0020435,0.1026795,0.001999,0.0684285
img_01142.jpg,0.969102,0.001569,0.001121,0.000519,0.002696,0.002506,0.000229,0.022257
img_01168.jpg,0.023716,0.0376765,0.0007175,0.015815,0.0078815,0.9063455,0.0068445,0.0010035
img_01171.jpg,0.000368,0.000193,0.002243,0.000263,0.788359,0.000119,0.00015,0.208304
img_01177.jpg,0.646243,0.025433,0.053988,0.031161,0.179402,0.050771,0.003455,0.009546
img_01179.jpg,0.7623195,0.0020505,0.002149,0.006899,0.069878,0.153083,0.0015515,0.0020695
img_01188.jpg,0.0789585,0.019277,0.0016045,0.0079185,0.002119,0.844437,0.0050205,0.040664
img_01198.jpg,0.5484185,0.00359,0.0273125,0.0023395,0.3611235,0.003699,0.002503,0.0510145
img_01204.jpg,0.025017,0.000718,0.003294,0.002261,0.412452,0.043357,0.011551,0.50135
img_01208.jpg,0.00396,1.8e-05,0.000562,5.1e-05,0.992764,3e-05,8.2e-05,0.002533
img_01211.jpg,0.998196,0.000868,1.75e-05,3.55e-05,0.0003185,0.000188,1.05e-05,0.000366
img_01213.jpg,0.659058333333333,0.243307333333333,0.00136733333333333,0.012259,0.00746133333333333,0.0332376666666667,0.00764766666666667,0.0356613333333333
img_01222.jpg,0.3340635,0.262498,0.017054,0.1739635,0.0027395,0.0517615,0.0093565,0.1485635
img_01224.jpg,0.2793205,0.0065045,0.0278235,0.0020395,0.0003085,0.023981,0.001719,0.658303
img_01237.jpg,0.04907,0.000182,0.000485,0.000401,0.92547,0.002756,0.002444,0.019191
img_01249.jpg,0.3751255,0.002212,0.0250395,0.0104765,0.475357,0.103911,0.007546,0.0003325
img_01253.jpg,1.25e-05,4.1e-05,0.0007335,6.5e-06,2.45e-05,0.000104,1.2e-05,0.9990655
img_01286.jpg,0.095688,0.0124575,0.0359985,0.0068175,0.151995,0.088508,0.008209,0.6003265
img_01289.jpg,0.268822,0.0279445,0.0017955,0.001042,0.0056525,0.123728,0.0076745,0.5633415
img_01325.jpg,0.069714,0.070513,0.05546,0.009574,0.612656,0.003085,0.015518,0.163482
img_01328.jpg,0.872936333333333,0.0663793333333333,0.00114133333333333,0.00709633333333333,0.0183423333333333,0.025505,0.004184,0.00441533333333333
img_01366.jpg,0.7748075,0.00212,0.0088105,0.0349905,0.004807,0.151652,0.009228,0.013586
img_01371.jpg,0.924955,0.0227585,0.001761,0.0012515,0.0180045,0.008134,0.000856,0.02228
img_01373.jpg,0.3203735,0.005014,0.1824075,0.018698,0.1690785,0.1599715,0.002762,0.1416945
img_01377.jpg,0.240968,0.00083,0.03363,0.011013,0.665617,0.014193,0.000648,0.033101
img_01379.jpg,0.871452,0.0133905,0.0092165,0.002708,0.009798,0.0883355,0.000971,0.0041285
img_01384.jpg,0.625285,0.009814,0.026272,0.0089365,0.073551,0.1985575,0.005189,0.052395
img_01388.jpg,0.7798495,0.026746,0.001373,0.0003325,0.003208,0.1469475,0.0082935,0.03325
img_01392.jpg,0.000483,0.1989925,0.573429,0.002818,0.002126,0.0250485,0.0016895,0.1954135
img_01399.jpg,0.016339,0.797959,0.0316245,0.0009785,0.0025705,0.0250475,0.0009945,0.1244865
img_01404.jpg,0.9164015,0.0064675,0.003051,0.031722,0.0005165,0.024674,0.000687,0.0164805
img_01405.jpg,0.8951515,0.006859,0.000305,0.000824,0.0030245,0.090833,0.002801,0.000202
img_01413.jpg,0.9683735,0.002488,0.000544,0.0053255,0.0148385,0.006888,0.000476,0.0010655
img_01426.jpg,0.018492,0.5764405,0.007947,0.038813,0.007928,0.010574,0.3181855,0.0216195
img_01431.jpg,0.060081,0.003313,0.0228766666666667,0.822243333333333,0.00662566666666667,0.0375956666666667,0.001602,0.0456626666666667
img_01441.jpg,0.0004135,0.0007705,0.0043855,0.000109,0.000295,0.00188,0.0085475,0.9835985
img_01444.jpg,0.412018,0.032968,0.001203,0.0016165,0.0014395,0.060187,0.007449,0.4831195
img_01490.jpg,0.0027745,0.001496,0.154555,0.000876,0.0003765,0.000931,0.0002265,0.838765
img_01495.jpg,0.444242666666667,0.210389,0.0251626666666667,0.0591023333333333,0.003644,0.0133723333333333,0.017621,0.226466666666667
img_01505.jpg,0.012442,0.000401,0.002395,0.001132,0.412902,0.047697,0.007654,0.515377
img_01511.jpg,0.9028385,0.050101,0.0108525,0.002232,0.0033085,0.0278425,0.00108,0.0017455
img_01519.jpg,0.2154545,0.0918935,0.007737,0.049277,0.0171715,0.2342615,0.3640365,0.0201685
img_01530.jpg,0.813639,0.0084565,0.003611,0.0172005,0.13733,0.0161,0.002209,0.0014535
img_01537.jpg,0.861533,0.0102165,0.010555,0.0008535,0.0058525,0.0555215,0.0083115,0.0471565
img_01538.jpg,0.7489525,0.028476,0.0081425,0.0042315,0.002537,0.1478765,0.045733,0.0140515
img_01541.jpg,5.3e-05,1.7e-05,0.00025,4.7e-05,0.996753,0.000464,0.000135,0.002281
img_01543.jpg,0.9840995,0.000406,0.0011545,0.000279,0.0020755,0.000256,0.000524,0.011206
img_01548.jpg,0.998013,0.00059,0.000139,6.65e-05,0.000297,0.0001285,0.0002605,0.000506
img_01552.jpg,0.9906305,0.0008815,0.000939,0.000153,0.0005015,0.0043965,0.0011315,0.0013665
img_01561.jpg,0.000352,1e-05,0.00036,3.1e-05,0.998105,0.000117,2.4e-05,0.001001
img_01562.jpg,0.523892,0.006186,0.0002825,0.000787,0.000158,0.000859,0.0718685,0.395967
img_01571.jpg,0.885776,0.111232,0.0002455,0.000188,0.0010765,0.000186,0.0004195,0.000876
img_01593.jpg,0.4387915,0.3358115,0.0032145,0.006581,0.0067375,0.0298745,0.0078745,0.171115
img_01595.jpg,0.000157,0.000653,0.00593,0.000351,0.971037,0.000922,0.004972,0.015979
img_01616.jpg,0.9720275,0.0047185,0.001119,0.000223,0.001545,0.0113195,0.0079845,0.001063
img_01618.jpg,0.9578745,0.00573,0.0006045,0.0011875,0.0035825,0.023322,0.0026405,0.005058
img_01627.jpg,0.9734955,0.01983025,0.0002505,0.0002285,0.0001335,0.005212,0.000117,0.00073275
img_01632.jpg,0.9783485,0.0018555,0.003485,8.75e-05,0.0111885,0.000438,0.0001045,0.0044925
img_01633.jpg,0.710158,0.023315,0.000481,0.0027995,0.0006955,0.228105,0.005728,0.0287185
img_01640.jpg,0.999319,6.2e-05,3e-05,6.55e-05,7.75e-05,1.4e-05,1.15e-05,0.00042
img_01646.jpg,0.908570333333333,0.0702663333333333,0.00101833333333333,0.00207866666666667,0.000447666666666667,0.00727633333333333,0.006091,0.004251
img_01647.jpg,0.585143,0.006003,0.000488,0.000382,0.406433,0.000226,0.000733,0.000593
img_01649.jpg,0.875899,0.0150045,0.0201295,0.018682,0.01035,0.010315,0.017677,0.0319435
img_01657.jpg,0.000197,0.001185,0.6046405,0.000519,0.001407,6.25e-05,0.0002005,0.391789
img_01669.jpg,0.323161333333333,0.011387,0.0125066666666667,0.605544,0.012894,0.0148943333333333,0.00360533333333333,0.0160066666666667
img_01673.jpg,0.525925,0.003732,0.004475,0.001871,0.418055,0.021397,0.000774,0.023773
img_01681.jpg,0.330217,0.0049185,0.0037425,0.000413,0.0020195,0.0008255,0.001465,0.6563985
img_01684.jpg,0.948865333333333,0.0181473333333333,0.000943333333333333,0.00520866666666667,0.00214466666666667,0.00838833333333333,0.000761333333333333,0.0155413333333333
img_01685.jpg,0.788283,0.0041775,0.031656,0.0030345,0.0998415,0.0657605,0.0043065,0.0029405
img_01687.jpg,0.670075,0.0320105,0.000488,0.000452,0.0006355,0.001968,0.001118,0.293252
img_01688.jpg,0.2653475,0.023993,0.001767,0.0012195,0.0072685,0.1420155,0.011475,0.5469145
img_01689.jpg,0.0002135,0.0040015,0.0348595,0.0010835,0.0149465,0.305295,0.008694,0.6309065
img_01716.jpg,0.000129,5e-06,0.000221,3.7e-05,0.99864,0.000102,9.5e-05,0.000772
img_01717.jpg,0.727948,0.02941,0.000624,0.002063,0.213759,0.008866,0.001426,0.015904
img_01724.jpg,0.836019,0.0016055,0.016075,0.001149,0.014041,0.104029,0.01098,0.016102
img_01745.jpg,0.9048355,0.00202,0.0749555,0.0065845,0.004333,0.003694,0.001109,0.002469
img_01771.jpg,0.977248,0.001051,0.003141,0.002582,0.0002725,0.0083565,0.00186,0.005489
img_01773.jpg,0.657582,0.012816,0.000452,0.0013855,0.000539,0.002948,0.079645,0.2446325
img_01781.jpg,0.3642795,0.004502,0.004465,0.031618,0.2823665,0.138423,0.0040515,0.170295
img_01782.jpg,0.002949,9.3e-05,0.000506,6.2e-05,0.989076,0.000923,0.000527,0.005863
img_01802.jpg,0.395885,0.018809,0.089551,0.0023245,0.256484,0.0432605,0.0050275,0.188658
img_01803.jpg,0.001841,0.135695,0.792602,0.002933,0.001703,0.037399,0.003201,0.024626
img_01824.jpg,0.71315,0.007866,0.0004365,0.0013455,0.0004935,0.2503155,0.0075015,0.018892
img_01825.jpg,0.011116,0.811143,0.086334,0.001974,0.049923,0.00391,0.003386,0.032213
img_01831.jpg,0.535358,0.0046705,0.015981,0.352453,0.006016,0.0221495,0.0005325,0.0628395
img_01834.jpg,0.2512725,0.014937,0.0447345,0.004887,0.000802,0.0252215,0.0028885,0.6552575
img_01847.jpg,0.0071415,0.072938,0.0012165,0.0007015,0.0010045,0.0214975,0.0008565,0.8946435
img_01853.jpg,0.0981195,0.0083485,0.0006295,0.0009855,0.0017395,0.001333,0.001778,0.887066
img_01856.jpg,0.954023,0.038777,9.9e-05,0.0001435,0.000368,0.000651,0.000187,0.0057515
img_01860.jpg,0.918743,0.037483,0.0028515,0.003949,0.011603,0.017917,0.0070515,0.000402
img_01862.jpg,0.8639805,0.001609,0.0131275,0.00076,0.0108585,0.0981405,0.0020725,0.009452
img_01874.jpg,0.5830115,0.009414,0.000354,0.002449,0.048051,0.2978625,0.047114,0.011744
img_01888.jpg,0.0336895,0.038696,0.00212,0.016275,0.002672,0.8905295,0.0044815,0.011537
img_01918.jpg,0.0719165,0.0044275,0.0990835,0.7770895,0.0052235,0.00485,0.0097065,0.027702
img_01930.jpg,0.932024,0.003691,0.045769,0.0009865,0.002145,0.013079,0.0021305,0.000175
img_01932.jpg,0.6538535,0.01409,0.0030685,0.0453635,0.0054335,0.008083,0.0133615,0.256747
img_01955.jpg,3.5e-05,1.25e-05,0.00019,3e-06,3.75e-05,4.65e-05,4.55e-05,0.999629
img_01963.jpg,0.9960195,0.000347,0.0003095,0.0002175,0.0002455,0.0009235,0.000211,0.0017255
img_01966.jpg,0.825211333333333,0.130335333333333,0.00409033333333333,0.00182666666666667,0.00156766666666667,0.009384,0.00665133333333333,0.0209326666666667
img_01976.jpg,0.9735825,0.002389,0.0001615,0.000174,0.0010865,0.000556,0.000228,0.021823
img_01983.jpg,0.7724945,0.0065775,0.0189645,0.0017635,0.185595,0.0019545,0.0004545,0.012196
img_01984.jpg,0.2191515,0.01897325,0.004828,0.01541475,0.00296925,0.0089195,0.0011465,0.72859725
img_01995.jpg,0.1159925,0.099474,0.0314115,0.417959,0.025302,0.1553315,0.005728,0.148802
img_01996.jpg,0.219021,0.003082,0.0002225,0.0006695,0.002088,0.75752,0.006715,0.010682
img_02001.jpg,0.4201545,0.00716,0.0005585,0.0037045,0.0891895,0.4385505,0.0339585,0.006723
img_02006.jpg,0.461655,0.049777,0.049299,0.255623,0.058731,0.106293,0.005912,0.01271
img_02066.jpg,0.646911,0.0410525,0.032186,0.011855,0.1248755,0.092806,0.0132785,0.0370355
img_02074.jpg,0.9602445,0.0156805,0.0020615,0.016538,0.001021,0.0018905,0.0004225,0.002142
img_02076.jpg,0.0053365,0.791971,0.004302,0.000914,0.0096245,0.000984,0.0020775,0.1847895
img_02077.jpg,0.3221975,0.052083,0.023512,0.3951465,0.010547,0.171491,0.02224,0.002783
img_02078.jpg,0.345326,0.001113,0.595219,0.000481,0.050593,0.001141,0.000754,0.005373
img_02082.jpg,0.178942,0.000111,0.000915,0.001429,0.728087,0.015967,0.074512,3.7e-05
img_02083.jpg,0.440572,0.0004425,0.0045685,0.0004295,0.5467295,0.001365,0.002397,0.003495
img_02096.jpg,0.999264,0.000342,8.45e-05,1.25e-05,4.1e-05,7.05e-05,8.95e-05,9.55e-05
img_02119.jpg,0.9055835,0.002152,0.018322,0.002035,0.001565,0.059454,0.001092,0.009797
img_02124.jpg,0.197391,0.000671,0.0001805,0.0001995,0.0010665,0.79701,0.003154,0.000328
img_02135.jpg,0.050183,0.073997,0.289428,0.0161505,0.4584635,0.0975625,0.012728,0.0014875
img_02146.jpg,0.882161666666667,0.00151066666666667,0.00484333333333333,0.000657666666666667,0.0744073333333333,0.00314966666666667,0.000691333333333333,0.032579
img_02159.jpg,0.00463,0.01208,0.044952,0.034777,0.549432,0.344022,0.006907,0.003199
img_02172.jpg,0.909419,0.0095325,0.0136105,0.0010335,0.005788,0.0430825,0.0086995,0.0088345
img_02180.jpg,0.8099025,0.0132145,0.0025015,0.0013755,0.000854,0.1457435,0.003062,0.023347
img_02188.jpg,0.340809,0.080739,0.0018485,0.004488,0.0028695,0.049011,0.1331525,0.387083
img_02194.jpg,0.98191,2.6e-05,6.6e-05,9.7e-05,0.016627,0.000911,2.2e-05,0.00034
img_02209.jpg,0.078814,0.0019695,0.000186,0.0002585,0.000801,0.9149895,0.002604,0.000377
img_02216.jpg,0.481713,0.35125,0.0127785,0.0016385,0.02593,0.010637,0.002455,0.113598
img_02231.jpg,0.42483,0.0008425,0.021947,0.4825445,0.0547505,0.011078,0.003216,0.0007915
img_02235.jpg,0.1098905,0.109626,0.0116675,0.4329805,0.059293,0.1798405,0.0068225,0.0898785
img_02252.jpg,0.9368115,0.0015965,0.034039,0.000926,0.0188065,0.00061,0.0047105,0.0025005
img_02268.jpg,0.6871715,0.030762,0.041533,0.0245925,0.0361835,0.0120655,0.004733,0.1629595
img_02270.jpg,0.9207705,0.009095,0.0058295,0.0170035,0.0158535,0.023085,0.0037285,0.0046345
img_02281.jpg,0.454839,0.002202,0.027203,0.4136415,0.090205,0.0010645,0.002749,0.008095
img_02282.jpg,2.5e-06,0.000159,0.0009285,2.5e-05,2.1e-05,0.0007215,0.000601,0.9975415
img_02285.jpg,0.92996,3.1e-05,0.000468,7.1e-05,0.067621,0.001075,0.000742,3.3e-05
img_02291.jpg,0.980593,0.0104535,0.000838,0.000536,0.0012805,0.001,0.002312,0.0029875
img_02299.jpg,0.4906815,0.1752825,0.01778,0.0370875,0.0021275,0.0240065,0.007458,0.245577
img_02305.jpg,0.07973,0.107978,0.01307,0.471709,0.038231,0.099916,0.005222,0.1841435
img_02307.jpg,0.6715545,0.0442655,0.000507,0.0011425,0.0086745,0.0633505,0.005253,0.205252
img_02309.jpg,0.9998565,5.35e-05,1.05e-05,9e-06,2.4e-05,4.5e-06,2e-06,3.95e-05
img_02318.jpg,0.130012,0.0056975,0.0152045,0.002166,0.012696,0.013228,0.0140885,0.806908
img_02347.jpg,0.5180075,0.0042505,0.048952,0.003318,0.3387215,0.0047725,0.0031755,0.078804
img_02356.jpg,0.0092615,0.0001395,0.000851,0.0007075,0.067857,0.0001085,0.000396,0.920679
img_02367.jpg,0.8525595,0.008642,0.0018275,0.001791,0.003861,0.0023635,0.0611175,0.067838
img_02372.jpg,0.10115,0.00058,0.0056485,0.000416,0.547869,0.34386,0.000182,0.000295
img_02379.jpg,0.4045185,0.0321335,0.000429,9.45e-05,0.000982,0.000427,0.001922,0.5594945
img_02384.jpg,0.7057975,0.003543,0.0012835,0.0027805,0.012407,0.0442865,0.1267585,0.1031435
img_02398.jpg,0.840361,0.0081255,0.0021835,0.0162285,0.005608,0.093024,0.002806,0.031663
img_02400.jpg,0.9744165,0.00714,0.005642,0.0006545,0.000748,0.009736,0.000144,0.0015185
img_02406.jpg,0.151021,0.0067415,0.0634145,0.6043,0.00764,0.153262,0.009514,0.0041075
img_02412.jpg,0.607344,0.0053995,0.0007505,0.000408,0.011024,0.0007615,0.001358,0.3729545
img_02416.jpg,0.308416,0.234541,0.053634,0.002873,0.081076,0.117018,0.018491,0.183951
img_02422.jpg,0.917772,0.0437605,0.0012965,0.0019975,0.002223,0.014921,0.004361,0.0136685
img_02479.jpg,0.000217,2.4e-05,0.00121,0.000128,0.99816,2.2e-05,0.000145,9.5e-05
img_02486.jpg,0.711991666666667,0.19251,0.0195963333333333,0.00521166666666667,0.00264833333333333,0.0564793333333333,0.005055,0.006507
img_02487.jpg,0.6307145,0.112774,0.0004985,0.0012495,0.0013305,0.0110215,0.008091,0.2343205
img_02507.jpg,0.5771165,0.03239,0.075137,0.0121605,0.1565575,0.130108,0.008293,0.0082375
img_02522.jpg,0.7715565,0.091045,0.002588,0.0046645,0.0043235,0.0138585,0.0018205,0.110143
img_02540.jpg,0.815733,0.0109005,0.0453575,0.006318,0.0195905,0.0702065,0.003116,0.028778
img_02546.jpg,0.288672,0.000852,0.003589,0.0036705,0.326771,0.3035435,0.0225155,0.0503865
img_02556.jpg,0.107488,0.004349,0.0001155,0.0002355,0.0003635,0.0007005,0.000563,0.886186
img_02560.jpg,0.4469385,0.0174965,0.0001415,0.0012685,0.5068225,0.021484,0.0040155,0.0018335
img_02563.jpg,0.2378845,0.006486,0.0030575,0.002543,0.5090045,0.168049,0.00201,0.0709645
img_02565.jpg,0.8883405,0.0040505,0.0008245,0.000759,0.0315455,0.0542655,0.0083705,0.0118445
img_02573.jpg,0.221717,0.325837,0.038372,0.005321,0.080974,0.264551,0.024288,0.038939
img_02574.jpg,0.123277,0.0319055,0.02052,0.040702,0.1042265,0.08213,0.05063,0.546608
img_02602.jpg,0.7744485,0.0729835,0.0038995,0.0040295,0.0363465,0.0181585,0.014019,0.076115
img_02607.jpg,0.5249445,0.0045105,0.0092515,0.002567,0.210708,0.1673995,0.0048945,0.0757255
img_02622.jpg,0.911850333333333,0.00430566666666667,0.000417666666666667,0.001551,0.00504,0.0593393333333333,0.00811666666666667,0.00937966666666667
img_02625.jpg,0.2007065,0.0016825,0.0004555,0.000652,0.0038165,0.7812905,0.007616,0.00378
img_02636.jpg,0.594993,0.030984,0.0055795,0.0016805,0.076315,0.0011355,0.0069605,0.282352
img_02638.jpg,0.9600685,0.005863,0.0002365,0.0021405,0.0002635,0.0121145,0.0005805,0.018733
img_02641.jpg,0.925266,0.009075,0.003824,0.005658,0.007923,0.016224,0.000857,0.031174
img_02646.jpg,0.0048595,0.054869,0.0297335,0.0028985,0.0085475,0.0128135,0.00416,0.882118
img_02648.jpg,0.005676,0.003469,0.086823,0.004378,0.002568,0.223995,0.005828,0.667264
img_02651.jpg,0.993497,0.0004645,0.000129,9.3e-05,0.003108,0.000189,2.6e-05,0.0024925
img_02656.jpg,0.825841,0.027385,0.001721,0.0056725,0.0011465,0.028188,0.0045315,0.105515
img_02666.jpg,0.970283,0.0086795,0.01032,0.0002375,0.0014845,0.002702,0.001812,0.004481
img_02679.jpg,0.611856666666667,0.218930333333333,0.030192,0.00171533333333333,0.031656,0.00159566666666667,0.00292866666666667,0.101125666666667
img_02687.jpg,0.116788,0.0272325,0.003918,0.00225,0.011422,0.0041525,0.0318595,0.802377
img_02699.jpg,0.778234,0.00847,0.009525,0.0104895,0.060703,0.020012,0.0570515,0.055516
img_02702.jpg,0.9773015,0.0001615,0.0116,0.001164,0.0027595,0.000119,5.3e-05,0.006841
img_02703.jpg,0.4880765,0.001205,0.0058105,0.0049895,0.0407895,0.0005585,0.0241855,0.434385
img_02709.jpg,0.8494445,0.067169,0.021981,0.026617,0.0059225,0.012724,0.003869,0.0122735
img_02726.jpg,0.820955,0.002102,0.012759,0.0010665,0.1549555,0.002843,0.0002035,0.0051145
img_02733.jpg,0.86434,0.0025745,0.030352,0.0422735,0.018654,0.037738,0.0030335,0.001035
img_02734.jpg,0.44042,0.019966,0.038783,0.0147476666666667,0.003408,0.354463333333333,0.089793,0.0384196666666667
img_02739.jpg,0.999802,3.85e-05,1.8e-05,8.5e-06,6.55e-05,1.2e-05,6e-06,4.95e-05
img_02749.jpg,0.4832275,0.0044995,0.0324285,0.3735555,0.027018,0.0275405,0.000571,0.05116
img_02759.jpg,0.3393605,0.0038465,0.022771,0.0018555,0.0308905,0.0065585,0.004234,0.5904835
img_02764.jpg,0.9932085,0.0009165,8.55e-05,8.95e-05,0.002675,0.0002865,3.4e-05,0.0027055
img_02766.jpg,0.93792,0.0063465,0.0016985,0.0004515,0.0015025,0.017667,0.005989,0.0284255
img_02769.jpg,0.1359885,0.0216075,0.0233535,0.002342,0.0336315,0.0082885,0.03253,0.7422585
img_02771.jpg,0.90885625,0.029691,0.00121375,0.0022275,0.00023125,0.0564045,0.0005395,0.0008365
img_02789.jpg,0.101188,6.9e-05,0.000434,0.000904,0.864197,0.002461,0.03073,1.8e-05
img_02799.jpg,0.9942135,0.001877,0.000338,0.0003235,0.002272,0.000334,0.00011,0.000533
img_02808.jpg,0.905857666666667,0.006393,0.012761,0.048012,0.00226233333333333,0.0198606666666667,0.00120033333333333,0.00365366666666667
img_02811.jpg,0.863801,0.000282,0.003074,0.002503,0.0053,0.06232,0.0001875,0.0625325
img_02830.jpg,0.303555,0.1644045,0.0100155,0.0178795,0.0211935,0.313162,0.107027,0.062763
img_02834.jpg,0.627928,0.0692835,0.000607,0.0011995,0.002242,0.049765,0.0365475,0.212428
img_02837.jpg,0.459584,0.024801,0.000549,0.0007205,0.0105735,0.003142,0.0002775,0.5003535
img_02838.jpg,0.839900666666667,0.0564996666666667,0.0512563333333333,0.01109,0.0134953333333333,0.0193656666666667,0.00134766666666667,0.00704533333333333
img_02842.jpg,0.1630485,0.000597,0.0001745,0.0001955,0.0014305,0.8307,0.003533,0.0003215
img_02857.jpg,0.280476,0.022062,0.031116,0.004679,0.549219,0.024401,0.005711,0.082336
img_02865.jpg,0.04798,0.000559,0.003306,0.001989,0.552776,0.036725,0.011072,0.345593
img_02871.jpg,0.298449,0.1371665,0.0063365,0.0222985,0.0120435,0.3904605,0.0806485,0.052597
img_02876.jpg,0.1333785,0.0459635,0.261971,0.0086585,0.005354,0.009668,0.0030505,0.5319555
img_02889.jpg,0.853177,0.042724,0.029424,0.026544,0.008627,0.022541,0.0060405,0.0109225
img_02890.jpg,0.544786666666667,0.00343066666666667,0.02174,0.0157736666666667,0.00544133333333333,0.382967666666667,0.00465966666666667,0.0212003333333333
img_02899.jpg,0.827768,0.005113,0.006971,0.0658495,0.0066245,0.0859945,0.0011365,0.000544
img_02904.jpg,0.7821855,0.0956755,0.0386445,0.010655,0.0124735,0.0507675,0.007153,0.0024455
img_02911.jpg,0.408779,0.0044145,0.0488305,0.455766,0.057054,0.0018165,0.0035835,0.019757
img_02916.jpg,0.811738,0.002005,0.009208,0.00236366666666667,0.00568466666666667,0.141241333333333,0.0152036666666667,0.0125553333333333
img_02920.jpg,0.9350025,0.04903175,0.00143375,0.0007755,0.00043825,0.012042,0.00049325,0.000783
img_02943.jpg,0.960925,0.000666,0.004353,0.0025815,0.000584,0.026521,0.002561,0.0018085
img_02949.jpg,0.8767035,0.0024615,0.057341,0.0096395,0.003006,0.0386525,0.005632,0.006564
img_02954.jpg,0.001756,0.028447,0.067636,0.001381,0.884942,0.008341,0.000294,0.007202
img_02956.jpg,0.7324165,0.0461875,0.0014755,0.000605,0.004245,0.0002565,0.002382,0.2124315
img_02964.jpg,0.0078225,0.006785,0.026659,0.0004435,0.001532,0.00434,0.0019385,0.95048
img_02974.jpg,0.9936835,0.002223,2.5e-05,7.45e-05,0.0030565,0.0002545,0.0001505,0.0005325
img_02977.jpg,0.649568,0.1619665,0.0064525,0.008717,0.1554415,0.0080855,0.0016455,0.008123
img_02993.jpg,0.0383575,0.0009395,0.0125805,0.0006095,0.001561,0.0416655,0.008573,0.8957145
img_03014.jpg,1.8e-05,2.5e-05,0.000149,7.1e-05,0.998133,6e-05,0.000155,0.001389
img_03043.jpg,0.000533,0.0125025,0.0544605,0.002165,0.015484,0.1285075,0.0304105,0.7559365
img_03055.jpg,0.903292666666667,0.061796,0.001542,0.00578566666666667,0.00174433333333333,0.0195406666666667,0.000275666666666667,0.00602233333333333
img_03064.jpg,0.870907,0.0212175,0.0069375,0.00348,0.007237,0.027117,0.055301,0.007803
img_03069.jpg,0.19778,0.038002,0.01824,0.492236,0.0082095,0.02783,0.015697,0.202005
img_03074.jpg,0.990643,0.00479433333333333,0.000259333333333333,0.000749333333333333,0.000490666666666667,0.000939666666666667,0.000742666666666667,0.00138033333333333
img_03078.jpg,0.74284625,0.208794,0.0087755,0.005922,0.0006965,0.0235825,0.00215225,0.007231
img_03080.jpg,0.9734055,0.019348,0.000663,0.0012565,0.0003255,0.0021185,0.0007825,0.0021
img_03082.jpg,0.628743,0.364765,0.0004165,0.002602,0.000779,0.0001935,0.000442,0.002059
img_03087.jpg,0.002806,7.8e-05,0.002648,0.002095,0.981581,0.00976,0.000992,4.1e-05
img_03116.jpg,0.000493,0.001862,0.006049,0.000848,0.74705,0.002531,0.000894,0.240273
img_03128.jpg,0.882236666666667,0.0141273333333333,0.000348333333333333,0.000447333333333333,0.00243566666666667,0.0742826666666667,0.00137433333333333,0.024748
img_03135.jpg,0.056268,0.008429,0.000147,0.0003405,0.000363,0.000787,0.000609,0.933057
img_03140.jpg,0.7417495,0.1416575,0.0054735,0.0111415,0.010616,0.0169625,0.015532,0.056868
img_03166.jpg,0.400067,0.016863,0.004225,0.002139,0.432405,0.072181,0.001599,0.070521
img_03169.jpg,0.291298,0.1525395,0.394017,0.002581,0.008092,0.017675,0.0068405,0.1269575
img_03181.jpg,0.752857,0.017352,0.001981,0.000475,0.0073615,0.1069225,0.007038,0.1060135
img_03195.jpg,0.595383,0.022316,0.001658,0.0127525,0.017029,0.175332,0.051684,0.1238465
img_03199.jpg,0.9449995,0.0281635,0.0011105,0.000535,0.0006415,0.0019305,0.0051725,0.0174465
img_03210.jpg,0.003375,0.008483,0.2771075,0.0048535,0.0137695,0.044222,0.004068,0.6441205
img_03220.jpg,0.8747505,0.020241,0.0012395,0.0021035,0.0342655,0.045423,0.0184765,0.003502
img_03222.jpg,0.9162075,0.025921,9.55e-05,0.0007465,0.0020045,0.0529365,0.0012745,0.0008145
img_03223.jpg,0.555245,0.060895,0.000558,0.0017555,0.0021755,0.003815,0.0005855,0.3749705
img_03228.jpg,0.738787333333333,0.011058,0.003032,0.236542666666667,0.000686333333333333,0.00372633333333333,0.00203466666666667,0.004133
img_03229.jpg,0.2365235,0.0092935,0.00337,0.0021475,0.005896,0.0382265,0.6724355,0.0321075
img_03231.jpg,0.410775,0.030305,0.127267,0.022237,0.091188,0.221189,0.0085,0.088539
img_03238.jpg,0.9244755,0.023714,0.0003765,0.0011165,0.015519,0.015869,0.0015825,0.0173465
img_03239.jpg,0.0016745,0.0145135,0.007995,0.0017165,0.0057265,0.0021315,0.9622095,0.0040335
img_03252.jpg,0.9797105,0.0075105,0.000944,0.000138,0.0005745,0.0084065,0.000571,0.0021465
img_03254.jpg,0.1869245,0.0029365,0.0002555,0.000408,0.002097,0.800451,0.004755,0.002172
img_03260.jpg,0.965231,0.0008495,0.000531,0.0003975,0.0017405,0.0294125,0.0002235,0.0016145
img_03261.jpg,0.7494135,0.1496135,0.0404385,0.01042875,0.010318,0.03407275,0.0023655,0.00334975
img_03270.jpg,0.035964,0.0002875,0.0006035,0.00029,0.0864395,0.0002045,0.000183,0.8760275
img_03283.jpg,0.001442,0.0016145,0.0015285,0.004221,0.0002695,0.000287,0.0029915,0.9876455
img_03290.jpg,0.063369,0.0112755,0.0013995,0.0003395,0.003978,0.012489,0.0086635,0.8984855
img_03297.jpg,0.942109,0.0152565,0.013387,0.0016405,0.004513,0.017701,0.0035355,0.001858
img_03310.jpg,0.625757,0.0099695,0.0006065,0.003171,0.0146355,0.3428585,0.002482,0.0005205
img_03312.jpg,0.6826675,0.17619475,0.0226855,0.00674425,0.00041325,0.01751175,0.002289,0.09149425
img_03324.jpg,0.2504675,0.0038135,0.062299,0.002625,0.0002605,0.017856,0.001999,0.66068
img_03333.jpg,0.8709205,0.0018175,0.000263,0.0009225,0.0002595,0.1178615,0.003531,0.004425
img_03342.jpg,0.703324,0.174101,0.0007095,0.0009745,0.0011765,0.0650545,0.0006985,0.0539615
img_03346.jpg,0.922221666666667,0.031938,0.002363,0.004746,0.00398066666666667,0.0244313333333333,0.001351,0.00896833333333333
img_03355.jpg,0.5423275,0.003896,0.0003025,0.00075,0.000404,0.0009455,0.0534155,0.397958
img_03361.jpg,0.3358595,0.2933305,0.01576,0.0108745,0.004903,0.0136945,0.0651975,0.260381
img_03370.jpg,0.967266,0.006497,0.00031,0.0010115,0.00071,0.00992,0.000246,0.0140395
img_03399.jpg,0.536491,0.0790925,0.0008715,0.0009295,0.003233,0.3774855,0.001829,6.7e-05
img_03410.jpg,0.5817495,0.0040305,0.000226,0.0004505,0.401297,0.0009535,0.0002545,0.0110375
img_03422.jpg,0.914245,0.0132443333333333,0.0132826666666667,0.0210866666666667,0.001841,0.0320806666666667,0.000658,0.00356233333333333
img_03426.jpg,0.9393215,0.0034165,0.0016415,0.000329,0.0008185,0.002365,0.0007645,0.0513435
img_03439.jpg,0.532673,0.0034895,0.0123265,0.3547085,0.009348,0.013586,0.0003075,0.0735615
img_03440.jpg,0.00828,0.0120175,0.108884,0.001226,0.0009375,0.004646,0.0022385,0.86177
img_03444.jpg,0.973152,0.022515,0.000283333333333333,0.000346,0.000289333333333333,0.00212633333333333,0.000178333333333333,0.00110933333333333
img_03445.jpg,0.57932,0.000124,0.000441,0.000131,0.417389,1.6e-05,0.000657,0.001922
img_03446.jpg,0.0001925,0.1872975,0.308796,0.0019055,0.001961,0.0539865,0.0014205,0.44444
img_03452.jpg,0.403022,0.582011,0.000248333333333333,0.000300666666666667,0.002814,0.001327,0.00338766666666667,0.00688866666666667
img_03454.jpg,0.949516,0.0002175,0.0007555,0.0002115,0.0128725,0.0011305,0.0017895,0.033507
